00
571|414
648|250
197|402
nan
599|998
511|414
496|716
250|272
428|414
272|250
599|250
781|584
276|599
401|250
496|427
396|397
285|574
486|496
595|780
780|496
250.41|250.6
403|585
250.8|414
585|427
427|425
250.6|357
996|403
780|493
560|599
518|427
511|493
599|599
250.8|272
414|250
724|401
491|518
276|276
558|250
250.6|786
198|V10
250|401
486|276
42|276
250.82|311
327|311
427|511
250|780
491|255
250.81|707
428|466
411|426
401|272
583|780
E885|840
486|250
8|403
530|250
412|V45
496|349
427|290
V85|244
402|428
V42|707
564|562
707|785
287|414
276|427
424|401
535|786
733|250.6
250|715
707|585
411|250
250.43|583
496|584
197|250
250|298
780|401
873|824
193|245
427|E930
38|284
584|511
724|724
305|?
250.7|440
38|276
427|788
995|327
530|272
157|V45
196|272
414|396
428|244
250.6|584
600|250
250.4|285
250|305
584|682
250|599
204|250.6
285|401
410|414
340|298
38|995
V43|250
197|41
648|659
414|V45
458|250
707|682
197|401
599|496
428|427
250|414
998|998
427|203
998|272
562|583
296|414
428|425
428|585
788|250.6
584|790
278|327
276|403
276|296
997|788
429|250
332|285
721|250
276|250
386|250
250|724
305|728
411|428
285|493
427|250
250.02|401
427|411
425|250
584|276
425|413
496|285
427|496
496|401
790|41
682|428
403|424
707|599
428|287
V45|250
250.02|585
496|250
401|530
428|923
276|428
427|424
276|496
411|425
496|276
70|286
250.83|342
250.02|786
577|401
276|285
70|789
428|250.7
414|443
428|443
197|198
250.82|275
E885|E849
250.02|446
780|276
556|959
491|250
599|414
585|272
250|V85
593|250
411|396
438|438
304|401
496|250.5
438|707
797|250
414|401
403|250.4
250|244
518|250
719|E888
780|414
250.01|682
250|V58
599|788
V43|781
496|531
250.02|719
276|585
425|424
599|428
276|344
V10|401
403|496
998|411
250|?
401|458
250.02|493
599|250.82
427|724
491|295
731|730
576|414
427|396
250.02|413
276|726
403|V45
403|599
280|625
250.01|272
584|428
276|414
707|250
728|403
428|403
496|287
998|285
E917|331
414|252
715|414
427|585
276|596
428|496
250.02|414
250.21|413
V85|427
427|E935
403|783
427|714
79|250
427|719
276|537
599|41
574|789
403|427
438|410
456|280
599|276
599|780
707|403
286|518
799|E932
599|401
250|311
250|530
473|569
293|402
584|427
584|425
496|414
403|411
492|786
428|274
599|53
486|138
599|486
403|250.03
201|571
250.42|585
396|599
562|211
413|401
272|250.6
162|197
250.5|362
413|250.01
340|599
491|413
780|294
250|327
707|440
276|787
284|70
289|250.02
491|427
413|398
41|401
585|303
590|V58
276|741
410|250
998|616
434|342
250.41|585
V72|616
287|295
402|414
578|401
518|599
263|285
272|401
250.01|401
425|250.01
79|280
780|340
V62|278
411|401
V12|294
250.01|276
496|707
427|459
599|433
305|435
280|401
403|287
584|411
601|601
427|38
414|496
411|414
260|197
401|276
250.7|443
276|V58
198|427
V62|244
8|593
276|569
995|586
280|162
574|250
250.82|305
486|427
205|585
304|303
425|998
414|414
348|599
486|403
304|304
427|599
V12|401
511|428
591|998
250.6|250.52
535|716
414|599
428|424
428|530
780|250
403|428
E944|276
682|998
276|707
496|428
285|272
599|E885
427|401
682|731
V10|530
250.02|263
V45|250.41
574|790
V54|V43
250.6|250.42
276|401
233|401
789|250
V43|716
682|250
493|250
682|110
519|998
411|403
305|301
197|486
496|515
305|305
278|272
496|327
997|560
284|201
276|492
428|276
571|250
557|562
250.01|305
438|428
70|414
492|433
493|?
250.02|276
784|250
276|780
289|V58
197|591
427|276
427|403
590|866
881|296
644|250.01
250.02|824
572|427
780|250.6
786|250
599|427
428|250
790|153
319|438
428|V10
9|276
518|276
202|250.8
276|995
344|721
427|491
447|401
357|332
250|696
427|621
997|V49
796|250
250.02|272
280|562
496|250.02
788|596
682|E878
427|428
728|V85
402|250
411|250.52
427|733
276|584
300|250
427|398
427|427
276|198
496|413
427|285
V62|250
599|786
403|511
276|531
197|414
427|518
410|396
584|403
403|996
427|486
250.02|305
401|414
516|185
584|285
436|420
599|707
403|250.6
583|276
425|401
411|796
789|571
585|996
585|276
250|280
790|707
305|401
428|411
599|V85
275|?
250.82|276
410|427
873|781
584|518
715|250
707|427
997|250
425|786
435|250
571|571
536|305
285|250.52
585|707
414|716
411|272
719|285
784|272
585|790
V10|250
411|276
578|403
585|8
486|584
465|401
250|V12
458|780
618|250
153|276
682|250.01
?|250
250|278
304|301
244|250
577|V43
276|536
682|707
414|585
434|428
276|558
276|112
38|486
425|428
70|555
401|250.01
396|427
280|203
342|250
276|493
435|401
428|682
496|242
427|786
305|250
428|197
411|337
428|486
518|998
8|584
453|112
276|250.92
707|496
722|721
566|250.82
444|E879
276|786
584|599
276|527
730|785
250.02|?
552|250
294|250
276|413
250.01|607
411|427
682|780
276|242
201|41
411|424
290|437
518|584
424|79
424|250
428|780
716|600
250|402
411|287
286|286
428|518
250|V27
428|428
V10|V44
584|293
250|276
486|V42
571|250.01
287|276
867|599
8|730
204|428
250|285
205|276
403|290
9|996
410|41
403|584
250.02|998
250.01|593
785|401
440|414
276|38
466|428
250.6|278
250|348
486|250.02
788|250
287|786
414|426
648|250.02
496|250.01
424|427
584|197
320|70
496|458
292|E939
712|715
250|575
250.8|731
293|303
402|250.01
413|250
780|593
V45|403
707|584
250.03|427
427|414
998|599
496|292
584|560
491|585
413|997
511|403
403|780
403|433
444|707
518|404
396|416
276|244
585|789
401|478
413|496
287|496
726|401
70|571
411|410
599|285
V45|790
707|250.02
486|203
560|276
250.03|276
496|296
576|70
426|250
682|41
255|250
423|416
250.92|285
428|401
486|518
518|562
424|397
276|250.01
599|263
403|414
V42|276
276|792
413|403
996|70
427|410
491|403
599|288
250.6|496
465|250
250.51|250.81
507|427
281|593
V15|780
585|V45
794|250
V43|493
282|458
V85|250
413|786
780|611
600|788
250.02|E932
340|250.03
425|404
789|250.6
401|412
242|413
301|427
494|493
599|296
427|413
250.02|424
V17|458
296|295
596|188
560|386
518|518
684|707
486|428
585|402
250.13|276
V58|401
427|584
250.92|428
646|70
424|780
599|250.1
616|617
585|250.01
276|996
780|428
154|197
562|535
707|437
496|?
250.03|428
276|458
491|486
486|410
491|401
424|784
285|599
342|272
428|41
569|250.8
276|?
250.01|428
511|942
572|599
425|585
198|276
274|250
722|285
403|425
435|V12
276|368
427|402
585|465
560|511
289|244
496|585
403|272
342|401
250.12|305
E880|401
440|401
394|250.92
332|783
599|E932
403|608
574|571
135|728
686|401
424|707
493|V10
295|294
486|401
530|787
250.03|41
682|278
574|414
295|715
789|578
511|250
790|250
596|272
196|250.02
425|799
428|727
263|487
V85|278
786|496
599|250.6
250.7|785
162|198
820|276
584|492
756|401
780|202
518|424
453|342
414|305
428|998
157|197
290|401
V54|V58
428|250.02
196|697
567|403
285|511
250.02|780
569|553
8|401
286|250
301|250
428|599
V58|443
724|250
280|272
250.01|997
518|738
996|?
414|413
585|786
250.4|403
496|403
738|737
491|414
790|250.22
590|280
414|786
250.01|E878
276|295
250.01|908
153|197
518|E878
442|496
413|424
781|486
401|784
958|414
722|250
996|585
562|250
276|255
453|280
411|998
425|112
710|786
577|560
511|512
427|493
435|780
518|250.4
485|599
403|276
722|491
486|599
492|414
491|272
342|787
278|?
250|784
285|250
V42|403
785|599
286|285
458|403
785|285
250.01|278
789|530
414|V12
780|780
112|535
585|401
681|917
707|730
428|707
427|434
648|250.03
401|782
300|345
410|428
414|311
496|41
415|723
998|733
425|204
424|423
411|244
648|V27
427|404
728|276
276|490
285|553
585|780
571|286
250|V10
599|584
577|425
278|401
599|280
410|997
585|403
785|728
518|402
682|V09
277|276
V42|250
250.02|403
276|263
438|250
591|401
428|V45
428|V12
648|282
211|401
585|440
V45|401
263|250.02
585|588
781|278
250.8|295
427|70
518|496
250.02|514
295|686
599|287
715|401
574|250.01
331|294
482|584
507|996
599|995
511|518
414|428
285|403
821|295
157|41
276|205
564|285
451|250
805|427
401|V12
250|722
427|996
435|V45
E849|332
428|560
585|287
455|280
425|427
211|250
38|999
276|424
786|398
707|428
401|V45
578|250.02
414|715
414|272
401|493
427|V42
250.92|410
250.92|783
428|733
997|V65
276|348
493|782
196|599
595|518
282|250
414|411
515|599
995|414
162|496
287|412
786|305
427|?
404|250
733|250
410|276
536|V58
998|427
707|287
285|532
507|560
413|425
309|250.01
733|440
599|342
496|278
V43|E878
789|596
440|V49
585|428
V44|V10
555|427
250|294
276|250.4
276|250.02
196|250
425|153
250.41|403
290|294
486|491
285|V10
446|571
401|278
403|707
440|707
562|486
296|401
196|455
456|759
276|782
438|401
436|585
592|530
E888|401
V63|372
438|244
742|427
788|401
294|250.6
530|358
294|311
733|E932
V43|428
276|196
348|250
496|788
303|401
242|362
428|396
444|805
492|276
276|530
285|518
V63|250
590|995
428|250.01
491|112
411|820
721|V45
785|41
428|402
344|340
410|285
327|466
70|250
493|411
578|427
V45|786
585|404
553|568
197|197
411|496
584|486
607|605
250.7|707
428|584
E935|424
805|289
642|648
285|414
682|682
414|427
250.02|277
424|428
585|250.02
250.02|428
250|786
491|491
577|305
618|272
496|535
780|304
412|401
577|276
599|562
428|491
707|V45
353|433
496|280
715|V43
413|414
197|427
511|276
780|787
438|715
482|785
285|780
493|401
424|492
285|496
585|41
428|535
162|250
416|401
304|250
493|250.92
585|250
411|278
496|518
337|536
618|623
277|577
V15|315
753|401
491|799
996|41
303|276
401|244
784|780
496|512
518|250.02
440|403
233|250
250.82|585
486|250.1
276|153
707|250.81
250.01|V58
427|211
300|780
250.01|244
250.6|250.51
403|?
54|250
250.01|?
250.6|435
424|997
285|788
865|805
411|578
572|151
997|411
724|332
560|157
730|707
426|427
411|V45
794|414
135|715
617|250
518|401
584|585
786|785
301|300
599|250.02
518|578
402|244
578|294
305|E947
453|440
656|658
599|574
518|511
414|403
507|342
557|414
482|458
276|402
560|788
38|V09
112|?
648|V58
535|530
807|250
728|250
280|585
250|438
197|496
250.22|276
486|425
496|784
174|512
250.41|295
518|V45
425|250.8
595|250.6
403|518
780|305
42|250
250|790
511|707
733|276
585|682
203|427
E942|250.4
756|722
790|403
250|600
E888|E849
250.92|496
79|?
250.01|41
585|486
644|648
584|785
716|427
53|562
162|153
491|276
437|250
112|427
427|V43
414|412
873|E888
685|496
706|401
424|288
V85|791
344|139
585|285
198|197
507|478
359|250
585|280
486|197
396|413
305|493
491|250.02
733|780
420|585
303|577
578|250
278|599
518|203
427|250.02
584|250.42
276|V45
466|250
425|414
998|440
70|?
294|995
345|493
250.6|411
250.02|41
427|438
786|250.02
780|427
428|413
780|820
789|511
280|428
581|250
404|585
466|401
728|250.8
493|427
V15|250
285|250.01
276|553
276|250.6
411|491
411|405
575|276
789|70
785|995
433|496
682|591
425|599
787|250
728|428
455|250.6
196|997
575|599
599|V10
581|E944
357|250.6
952|344
799|401
452|789
E935|E935
287|263
250.02|724
162|428
515|E947
512|276
787|780
707|41
493|466
788|250.01
486|511
250|426
E879|285
496|733
162|199
496|250.41
250.02|244
682|V58
585|414
185|601
E944|250
199|211
511|250.02
276|781
41|250
518|305
427|553
415|401
V54|496
157|276
786|250.01
585|447
424|342
250|300
428|307
342|414
410|728
276|8
V45|584
535|403
518|428
250|564
518|786
496|574
309|E947
427|784
428|288
682|202
250.7|581
280|250
250.43|581
812|822
250.03|V15
599|E942
300|414
511|112
780|301
411|412
413|427
356|401
427|348
584|536
41|E878
38|403
276|250.8
707|V85
403|575
411|203
486|396
348|342
V85|272
199|250
401|E932
291|794
404|428
707|401
571|789
493|E880
599|555
453|250
301|296
571|291
424|424
250.02|V15
153|428
711|682
276|425
253|337
276|789
579|V18
250|493
284|250.7
250.01|492
202|250.6
707|780
250.02|8
920|814
250.01|414
414|714
730|681
242|250
403|250
426|780
41|8
711|996
53|276
571|303
997|427
585|536
785|403
492|V43
518|398
413|250.02
891|250
560|428
348|414
584|250.03
285|E888
427|V12
599|799
491|250.01
305|414
922|924
285|530
250.11|599
599|38
403|492
799|781
995|682
427|780
401|?
?|401
486|304
648|647
250.01|342
428|V43
191|493
413|443
180|401
428|E929
491|599
574|305
493|414
584|280
296|305
250.03|599
493|426
428|250.92
424|414
285|714
244|E932
572|571
707|357
250.02|278
411|250.01
596|788
426|272
414|250.6
427|E885
591|997
572|276
608|8
294|272
250.13|518
182|414
707|V12
70|V08
250.01|599
492|493
428|465
401|596
244|272
481|511
723|342
511|790
515|501
276|250.52
V15|112
202|571
428|285
416|396
531|280
518|486
428|250.82
571|70
730|711
780|729
584|591
575|573
425|E885
42|305
648|54
425|573
38|584
998|496
428|459
781|250
518|824
344|240
295|401
682|280
413|794
537|599
427|458
303|998
38|191
682|401
428|280
276|357
788|707
427|738
250|443
250.6|250.83
198|198
578|295
536|250
300|290
263|707
486|162
8|788
403|189
V85|287
426|424
250.02|285
486|305
790|401
812|715
415|518
278|250
569|250.02
305|786
285|276
585|250.6
780|425
378|378
V85|277
427|787
285|250.02
780|731
491|466
415|442
411|746
250.01|736
289|E880
403|278
285|285
276|812
730|41
278|V10
276|562
331|250
300|V15
250.02|799
112|305
250.42|424
518|453
250|412
556|599
491|V15
577|530
403|710
585|E878
427|447
V85|530
780|250.92
70|906
573|496
493|569
V65|250.8
780|332
627|620
427|998
790|414
578|458
434|715
250.03|?
V43|401
304|70
491|250.6
414|294
250.01|296
E888|V10
250|V15
255|496
553|250
496|552
294|332
428|416
585|997
314|313
785|414
428|746
41|532
250.02|530
428|162
997|518
496|V66
250.11|276
558|401
530|427
593|250.8
285|?
250.92|414
560|242
203|428
724|250.6
487|276
799|530
285|250.6
8|599
255|276
625|614
416|424
197|276
250.01|786
280|41
V85|461
401|250.02
518|V42
V42|250.41
722|414
438|331
276|518
493|V12
995|276
340|596
8|496
285|785
707|272
250.01|892
780|412
491|428
491|707
286|V65
569|493
428|204
682|276
574|574
491|244
550|285
287|250
250.02|435
486|250.03
584|250.82
536|348
799|438
579|578
410|584
998|250.02
250|E947
784|?
416|250
428|482
424|530
710|401
292|250.2
427|433
286|998
291|493
V42|250.4
428|438
780|162
426|401
599|784
250.02|584
682|70
511|250.43
365|401
413|492
648|250.01
473|250
458|250.8
565|401
250|277
250.92|784
536|358
577|428
300|301
492|204
295|276
733|401
728|V12
425|276
493|276
999|916
285|738
250|535
401|280
493|300
425|402
425|997
276|396
682|518
682|785
280|E935
569|401
780|577
250.6|276
280|8
493|599
401|250.4
997|413
780|785
398|397
486|424
276|784
518|425
682|906
162|276
250.6|303
295|787
398|396
359|V46
345|250
250|397
250.42|707
799|250
204|486
250.52|401
813|998
496|331
492|427
414|280
427|8
723|250
496|305
112|V65
707|8
297|250.6
153|293
427|712
682|150
425|396
348|276
920|780
433|428
584|799
410|507
197|261
707|731
593|478
648|665
707|285
996|250
319|599
853|852
491|300
786|486
250.02|599
491|570
707|569
493|250.02
403|722
496|998
296|244
413|998
250|698
295|70
424|728
576|112
584|286
444|440
284|486
428|275
785|427
592|591
682|414
197|162
250.01|424
305|272
599|403
518|560
486|281
491|780
349|250.82
428|250.41
491|V42
424|578
533|250
780|386
511|496
305|244
562|564
491|426
53|401
253|427
424|272
250.42|403
441|414
458|625
997|428
305|412
496|295
276|V08
722|274
250.02|496
197|530
250|318
E879|278
413|585
786|414
783|250
276|287
112|428
780|786
433|250
585|425
250.02|511
250|490
486|250.01
280|518
202|274
250.02|296
599|783
780|721
493|428
276|272
496|275
682|V45
197|428
453|584
412|428
?|250.6
438|784
349|250.43
428|785
786|?
250.11|646
38|203
41|V09
242|276
569|250
304|250.02
788|E885
591|250.02
250.01|411
906|351
404|486
496|416
425|780
305|496
276|V15
496|560
997|258
784|729
719|272
253|250
401|305
785|486
284|427
558|496
E932|250.4
805|599
507|E878
250.01|518
112|250
276|311
496|599
714|401
491|138
571|585
262|599
496|250.8
250.01|621
426|250.6
305|428
285|569
866|861
648|V15
567|250.43
425|250.02
573|789
285|997
250.6|337
70|466
314|278
515|518
38|162
444|438
427|519
285|733
401|250.6
300|530
285|V54
E878|428
41|53
883|E919
790|203
276|332
518|491
285|537
250.02|753
250.82|414
202|585
591|530
309|301
V58|780
250|427
305|V10
578|530
428|437
250|787
287|780
795|786
490|250
E884|438
682|135
416|414
285|562
V08|401
403|794
578|491
601|250
496|782
493|486
203|276
584|401
999|276
496|312
340|427
276|728
331|343
411|584
396|250.4
682|453
996|401
438|V08
V85|276
530|578
421|250
V45|410
496|E885
599|?
462|414
250|333
151|401
511|425
574|276
401|496
263|250
622|414
250.02|557
218|616
707|250.6
V72|401
V03|?
294|414
284|414
411|413
496|813
428|493
250.82|433
276|557
250.02|438
E849|401
V42|V42
599|787
293|242
198|112
410|250.02
492|250
70|564
434|599
38|785
250|733
443|441
41|250.02
730|285
707|414
787|276
998|250
284|295
276|V64
786|401
425|403
276|486
250.13|577
284|707
789|199
276|E944
584|404
396|518
349|723
427|250.6
542|V64
491|840
552|496
337|250.6
568|619
567|585
197|574
272|274
792|780
789|572
427|250.3
472|733
41|428
496|174
716|V43
424|305
151|285
852|860
596|596
782|250
295|578
426|584
491|162
411|997
415|250
824|845
781|250.02
424|788
250.02|571
821|496
414|250.02
402|411
413|276
153|199
274|682
263|162
434|403
530|276
729|438
571|572
414|562
285|787
301|401
E849|250
441|287
153|196
427|278
707|786
780|V45
250.01|493
426|428
427|E849
295|282
250.8|294
577|250
438|414
486|38
786|719
426|426
425|70
413|599
496|162
135|250
357|250
V42|599
276|288
280|578
496|461
V10|294
518|162
292|304
496|411
411|786
781|V45
112|250.02
331|V58
599|311
486|493
304|250.03
272|?
197|196
402|788
250.01|396
492|112
E884|E849
913|?
584|789
789|428
38|250
196|196
276|41
996|414
428|250.51
428|201
426|786
285|427
428|511
584|482
276|426
250.41|404
787|403
272|250.02
453|427
599|492
162|518
799|780
478|250
780|319
250.53|659
584|250.02
V85|511
723|719
250|642
333|428
306|530
707|198
410|424
425|228
568|512
276|250.42
560|427
446|250
428|410
295|789
648|654
425|496
250.12|784
396|493
794|272
401|413
276|799
575|272
202|428
250|V43
427|E888
621|614
?|244
730|263
305|413
786|V85
585|518
250.1|401
433|596
427|722
244|401
276|682
403|211
491|996
786|491
813|E888
428|786
780|V15
458|250.6
427|564
281|784
427|558
428|263
250.02|535
590|780
250.02|593
599|726
428|397
490|250.8
135|787
599|250.41
276|461
250.01|E812
707|425
578|280
305|54
733|731
786|V45
566|428
280|403
410|530
426|414
746|401
283|401
205|?
562|496
285|41
250.51|553
402|496
250.02|331
V45|412
850|852
295|V62
781|780
342|784
415|486
434|250
276|790
292|414
515|276
592|250
780|287
787|729
276|E932
428|42
727|414
486|558
466|569
427|V58
424|496
38|518
250|362
396|496
782|401
493|287
276|522
276|578
414|530
496|511
425|V15
204|250
277|403
780|585
560|174
V12|250
490|112
276|261
873|250.6
250.02|70
516|V66
402|201
433|784
574|V45
710|517
411|402
250.01|648
577|287
250.02|425
250|V14
440|38
592|401
682|555
250.83|424
250.02|V58
250.42|276
250.4|250.6
413|428
V58|569
410|496
598|403
250.92|401
707|707
496|410
799|786
424|70
569|998
394|V42
997|V45
V63|584
996|453
427|397
682|535
996|444
799|719
682|427
821|250
780|873
E885|496
250.02|427
492|401
531|401
413|V45
403|451
723|250.1
536|530
401|455
276|E942
198|425
411|285
250.01|789
560|250
730|E879
787|383
530|401
785|250
276|535
411|785
42|997
428|202
571|599
53|428
V58|244
599|625
250.8|707
486|303
250.02|574
428|909
784|401
41|693
787|285
493|278
250|296
250.42|581
276|560
414|244
250.92|427
836|715
458|276
250.5|272
V42|997
263|295
553|401
682|?
574|340
287|578
428|492
608|782
780|300
250.02|692
427|250.01
590|344
250.01|537
431|342
518|348
493|721
401|716
707|458
311|250
263|112
284|599
342|334
276|243
204|577
997|442
303|571
305|599
922|331
496|456
112|433
431|401
730|731
357|728
790|428
414|824
285|840
493|515
429|796
496|117
599|V63
785|428
E878|453
404|780
401|135
310|296
496|135
780|707
276|491
780|727
599|410
401|727
682|995
496|571
285|218
410|403
560|250.02
427|250.41
786|799
456|285
590|788
427|288
250.53|250.43
424|786
707|344
428|426
584|41
411|327
733|518
154|292
682|585
276|440
493|305
536|357
318|250
515|V46
710|478
599|794
486|413
491|250.42
403|493
728|599
344|722
276|305
198|162
790|427
780|574
780|599
403|440
E880|921
276|V44
496|E822
435|437
426|410
162|599
403|292
486|515
568|401
515|112
403|285
8|276
958|250
485|428
412|250
789|276
250.03|244
796|250.6
428|433
397|518
276|290
790|496
492|780
535|536
486|440
383|382
271|560
294|715
344|41
440|358
444|305
295|496
285|491
515|585
276|275
V65|V85
507|707
738|250
780|403
27|428
997|787
434|401
837|250
599|493
424|285
905|905
276|278
94|707
459|E934
785|682
250|440
620|218
428|625
682|204
79|278
250.91|655
780|250.8
174|196
443|401
599|286
401|780
V45|V45
493|601
625|599
998|250.01
511|427
496|250.7
733|553
428|458
424|618
577|416
793|V16
250.6|414
427|799
788|599
298|296
280|266
496|425
780|V43
560|403
593|276
780|344
403|491
428|997
458|428
414|416
869|E892
411|305
584|294
453|403
496|53
560|507
584|151
V42|789
250|V45
272|288
816|824
295|560
424|457
496|424
250.7|719
443|405
733|428
518|410
250.13|340
456|572
721|719
250|E932
E932|783
584|272
428|250.6
591|593
496|786
250.6|244
682|727
531|492
285|428
295|250
V15|303
415|453
8|996
486|244
358|285
250.12|528
528|682
250.83|250.6
252|241
707|491
250|343
788|585
780|784
996|428
574|428
585|250.42
296|V62
486|995
250.01|287
250.6|250.7
599|V45
507|785
150|276
459|416
70|285
202|276
584|303
E878|724
519|427
397|396
789|790
997|511
196|280
482|196
428|284
508|593
348|332
358|276
536|458
518|493
300|401
568|250
424|429
997|682
518|507
564|250
427|794
285|710
707|250.8
E930|414
599|491
285|415
620|620
584|707
344|250
428|250.52
342|459
428|E849
V42|287
585|424
V62|305
562|787
496|457
276|723
496|V45
457|682
276|593
812|518
427|382
788|496
716|737
573|276
780|250.5
296|785
596|276
346|250
276|E931
250.02|782
627|401
305|291
424|729
V65|250
337|414
591|584
250.8|571
276|V12
285|745
411|440
250.01|311
433|414
433|250.02
707|200
428|578
555|250
425|272
820|401
511|529
443|300
428|581
427|790
496|721
594|401
396|799
998|682
362|442
456|250
707|426
284|593
518|458
486|414
584|426
411|535
250.02|437
285|998
707|294
786|357
585|278
338|250.03
276|303
250.82|731
198|79
276|250.12
578|414
280|218
601|285
715|250.6
788|272
789|183
162|511
70|295
701|278
413|782
403|289
401|311
427|785
584|493
426|496
787|535
599|305
401|327
571|459
250.83|646
413|410
453|199
717|414
998|V46
599|402
486|198
785|707
599|733
584|189
443|V45
204|496
682|599
410|250.82
433|427
590|591
577|211
411|411
428|593
394|427
250|461
482|585
304|250.01
294|427
492|790
492|724
530|414
491|584
535|280
416|397
188|250.5
278|250.52
250|338
250|V18
427|436
996|578
574|272
250.92|287
578|787
38|250.41
852|E888
202|447
427|E878
571|962
250|656
781|424
290|368
569|427
850|952
507|780
70|301
V43|V58
293|781
296|309
599|185
453|V46
682|730
250.43|403
413|780
707|533
558|276
41|707
300|317
585|286
250.01|288
922|923
196|410
780|349
585|438
250.02|295
515|250.6
438|599
295|428
272|305
9|211
578|562
785|112
401|788
250.83|V42
799|424
784|781
825|917
53|250
750|411
599|369
427|453
112|285
578|585
486|786
584|434
295|275
443|250
250|332
511|162
780|435
294|780
482|V85
250.7|276
532|285
571|401
599|591
V10|458
571|427
614|285
599|252
573|250
415|154
250|41
V85|490
599|511
780|453
401|427
535|250
836|424
292|70
305|V03
516|162
998|E870
493|786
250.01|654
280|997
451|276
599|585
272|429
518|785
625|220
411|284
574|535
285|275
599|424
438|433
789|564
578|396
38|250.01
V42|250.02
285|287
162|997
591|585
263|599
780|920
599|E817
552|702
296|453
784|V12
411|493
496|799
289|272
584|424
250.01|515
427|604
198|486
357|401
346|272
492|438
709|E878
428|348
424|V45
707|728
452|571
424|404
786|787
403|309
574|E933
438|41
458|558
250.02|738
585|263
436|414
250.6|427
253|401
790|304
250.01|427
682|295
585|423
153|198
401|250.8
573|336
38|707
569|568
250.92|211
70|401
250.41|581
272|250.5
202|284
250|477
493|714
785|250.6
438|781
585|396
425|250.7
496|V58
V65|780
850|511
294|V62
411|404
414|250.92
157|250.02
250.01|309
784|250.02
303|427
537|285
428|272
333|496
481|250.13
396|250
585|198
556|255
427|286
486|585
295|515
428|311
512|250.01
292|401
999|999
E932|599
413|285
398|414
38|578
250|V54
794|359
V45|438
585|496
442|786
413|402
577|157
648|278
202|250
867|578
278|296
437|342
576|41
482|428
202|584
707|724
453|424
599|790
292|276
425|707
780|518
427|174
682|288
733|784
286|427
425|285
787|317
998|780
496|402
E936|289
709|250
811|E816
411|250.7
435|428
112|342
284|205
599|198
276|785
276|710
250.33|276
250.6|280
627|414
250.8|250.6
780|464
397|250.01
786|715
648|997
493|530
V12|V45
8|456
250.01|715
250.6|428
250.8|V45
424|276
625|250
348|425
958|945
41|285
198|496
135|414
403|486
491|493
723|401
303|V64
V15|V15
428|799
518|251
453|276
V58|305
486|458
403|519
682|250.6
280|425
492|511
920|E888
348|799
250|521
723|780
710|250
250.6|530
493|621
244|600
250.32|707
305|V15
280|427
250.92|276
V58|250.6
335|344
456|537
585|511
250.01|707
534|567
518|250.92
286|362
250.01|496
337|458
250|721
276|788
569|276
162|?
714|250
E878|401
280|331
574|278
780|507
411|250.8
560|272
250.01|251
808|401
276|742
461|401
998|263
578|285
535|311
707|250.7
250|465
280|532
324|285
250.51|250.6
348|486
411|250.43
584|250.01
861|808
304|599
491|519
719|599
410|996
681|882
V42|401
413|287
427|V45
276|250.1
411|794
41|553
425|608
496|780
V15|742
530|786
250.92|V43
285|211
440|427
833|842
155|576
428|789
733|558
291|250.8
292|305
573|568
588|585
250|274
999|410
584|348
250|794
723|V15
518|250.6
492|440
437|427
428|787
277|250.02
424|425
590|424
305|250.92
196|174
440|428
682|944
789|250.02
263|428
716|310
425|438
340|311
250.02|342
536|577
250.01|998
427|340
404|599
680|496
424|V54
790|250.02
203|585
585|571
358|294
428|592
214|250
278|789
E878|785
707|276
707|V46
410|425
496|250.82
197|576
892|41
401|185
8|792
584|562
808|414
38|250.03
518|434
250.02|V46
401|583
V45|250.4
250.03|E906
E905|250
428|305
156|276
259|?
560|211
276|873
276|E884
808|E812
305|296
808|428
787|244
585|252
402|278
413|426
38|599
70|70
250.82|428
496|486
250|553
530|250.6
250|389
202|788
707|741
428|444
323|41
V46|250
276|571
284|785
42|304
202|?
404|781
250.83|707
380|238
250.02|433
427|293
785|V45
730|276
518|799
425|263
790|276
276|453
196|786
E885|250
198|682
491|577
519|491
156|198
E879|403
250.01|425
789|568
780|V58
287|250.02
V45|496
276|564
585|599
478|528
493|250.03
560|196
414|425
183|198
585|V44
577|491
416|934
276|280
591|427
413|493
250.6|V12
728|250.03
411|599
276|E930
710|585
402|794
507|250.02
410|E879
250|478
285|250.92
437|250.02
572|789
733|716
707|280
433|342
157|305
453|V10
716|250
780|788
285|288
344|401
401|241
41|465
786|530
157|576
496|997
585|295
557|584
664|250
535|41
787|311
453|401
V42|250.01
250.02|304
411|250.41
530|196
788|568
203|453
511|V10
294|401
250.03|414
41|787
427|280
411|250.4
414|274
403|434
424|250.52
564|455
590|998
304|466
151|591
590|250
824|414
710|V45
420|428
730|496
242|786
E942|E942
250.51|401
591|185
870|810
285|112
682|250.02
V42|337
250.13|435
789|V12
211|562
607|607
285|425
584|250.43
585|V49
780|790
401|V58
426|287
784|E947
403|295
590|296
V85|250.6
591|250
276|300
250|710
433|401
883|716
397|402
507|438
578|79
272|443
785|730
403|250.52
250.51|362
340|250
332|799
280|626
250.43|250.6
198|583
785|569
996|571
428|250.43
578|518
873|V45
805|850
599|578
584|49
799|135
560|41
562|995
131|383
V08|250
560|401
V55|250
305|276
790|211
276|V42
425|493
276|715
808|781
710|616
?|428
998|997
789|585
585|378
426|V45
781|305
496|429
715|292
250.03|403
518|585
996|78
515|E885
290|250
356|?
434|250.92
250|459
280|440
403|153
V54|285
278|244
250.92|278
38|414
493|250.53
277|41
535|455
401|300
998|618
416|787
296|250
424|411
787|784
196|281
441|441
157|401
532|535
V12|285
250.13|584
557|578
998|E888
250.6|813
403|41
920|910
303|496
511|138
577|E888
E928|401
289|812
682|285
788|276
427|836
250.8|686
284|276
401|V54
786|794
261|576
V54|733
496|397
348|411
789|280
8|733
295|300
428|440
250.01|295
428|253
411|492
348|401
490|414
915|681
591|592
599|V42
433|403
276|600
250|796
198|185
996|250.4
218|218
444|427
491|516
292|428
312|250
599|253
428|790
276|783
287|788
724|272
411|530
250.7|492
357|730
560|465
517|333
571|496
424|402
V62|189
428|905
414|435
402|272
518|577
403|421
154|V44
250|387
250.8|980
599|453
250.6|922
514|250.01
428|721
287|V10
411|280
614|250
250.6|596
276|197
996|250.13
511|331
998|294
V45|707
696|401
783|794
571|275
292|465
493|813
295|250.8
518|997
250.02|411
V43|715
536|337
V54|250.02
427|E947
569|578
788|560
154|401
285|E934
813|841
250.53|250.6
250.6|E939
276|250.82
731|681
401|V10
276|V10
138|250
786|493
780|478
585|533
280|558
250.6|401
278|493
617|617
250.4|583
284|401
812|250
428|571
444|250.41
682|403
486|8
41|682
998|414
309|250
438|V85
403|536
429|416
434|486
V70|496
569|562
560|998
284|250
998|860
646|250.02
492|473
491|458
402|396
578|41
654|648
340|41
428|415
998|493
397|414
754|250
427|294
41|414
284|202
424|435
496|610
780|290
428|242
276|997
507|599
305|250.6
787|873
197|V10
250|331
425|682
788|427
826|E917
250|716
784|728
851|721
276|282
276|42
112|276
571|285
719|438
710|511
599|V54
404|425
276|379
345|401
492|260
753|728
401|501
729|780
438|276
V45|428
250.92|272
441|250
414|724
649|296
V58|304
293|250.01
250.93|276
924|924
V63|401
722|E878
250.12|401
696|272
921|372
782|E941
786|428
518|396
482|510
204|V45
38|451
202|998
707|V42
729|401
427|578
428|250.4
V43|E927
412|411
284|280
402|477
250.02|300
789|599
348|427
135|428
578|250.01
682|736
648|670
E888|138
496|250.51
789|789
V45|V10
305|962
250.01|V45
394|440
421|403
275|789
535|211
537|567
425|491
202|782
305|427
284|733
496|218
786|786
41|785
786|278
786|250.6
425|V65
70|577
584|435
425|574
357|415
218|626
429|412
598|285
564|403
284|41
285|E885
428|V53
380|79
E878|493
780|E932
453|150
428|332
242|518
V43|41
790|490
424|518
780|394
276|590
285|591
250.92|300
789|211
41|202
789|425
V45|585
38|560
584|784
412|414
E941|E944
V58|E932
280|79
415|496
196|453
286|428
442|250
585|805
?|414
V85|599
578|577
496|E878
250|218
599|V15
275|788
204|197
780|292
285|8
998|401
722|305
590|592
250.02|491
41|278
789|197
607|786
562|305
496|344
280|560
276|V85
426|412
295|807
518|411
414|402
292|440
786|427
425|242
V42|402
94|577
456|789
280|783
198|491
414|V15
414|V58
401|V15
518|495
599|997
403|250.01
250.8|530
511|411
289|428
511|786
305|425
578|335
403|797
808|599
202|135
780|E950
493|590
150|427
250.01|585
790|682
309|401
401|791
569|428
295|530
292|250
584|414
995|348
496|279
428|294
568|788
280|211
996|250.02
535|285
599|518
511|287
518|722
404|491
787|150
584|112
780|E942
435|E947
242|585
348|995
648|646
422|425
599|244
427|415
342|378
403|284
427|V15
245|401
424|438
560|304
995|250.42
E821|250
250.02|458
250|616
995|250
575|401
603|250
599|873
595|250.92
403|515
272|458
413|535
135|377
413|584
682|112
733|568
719|715
495|514
255|424
491|V58
799|250.8
433|276
599|601
584|250.8
789|424
424|E930
305|410
397|560
244|331
341|782
413|263
785|8
789|278
303|403
599|202
426|593
V45|V17
585|397
250|365
496|70
786|782
425|789
443|250.6
403|438
558|285
836|E928
453|8
584|E885
813|401
491|203
599|294
250.81|646
427|305
411|996
733|E888
486|289
575|555
599|250.52
577|303
280|591
780|812
305|530
135|517
E878|715
595|41
496|578
250.01|334
599|348
285|583
211|280
38|41
996|560
456|53
284|428
585|569
585|250.4
285|593
250.02|V64
562|425
560|564
716|401
427|250.52
511|280
491|790
250.8|401
424|403
535|562
492|794
428|135
285|459
584|38
386|402
38|250.81
998|E849
590|601
722|250.8
507|784
780|511
537|789
585|437
433|331
787|250.02
304|496
799|585
403|286
996|411
560|305
425|250.4
427|997
E935|585
585|294
996|786
403|280
571|287
518|V43
V58|?
276|583
553|V12
428|E818
112|585
41|41
996|250.51
241|250
805|824
250.01|465
787|401
403|593
345|276
426|411
250.52|276
574|997
611|794
440|429
250.01|8
198|250.01
780|333
285|413
493|799
486|510
250|70
493|41
42|584
493|787
250.92|403
532|280
560|789
205|427
599|112
285|244
338|401
250|492
V43|276
785|250.02
414|440
788|424
487|493
807|845
787|154
295|411
496|150
577|577
304|787
648|642
599|592
998|E878
425|303
250.6|536
401|462
578|496
599|344
250.02|492
424|138
564|401
250.02|135
197|789
682|E879
E878|250
560|486
784|427
518|38
402|250.12
578|204
722|738
780|310
V15|276
453|415
42|349
414|733
427|530
584|202
356|276
250.6|250.5
998|442
997|403
444|250.8
250|663
730|412
276|E849
V54|263
250.02|737
357|244
E888|250
599|337
410|518
427|429
250.01|301
305|424
722|429
440|715
682|38
493|733
518|285
438|V12
592|337
403|38
272|428
403|294
269|276
584|250.41
401|785
428|278
593|403
710|202
276|292
625|401
250.01|610
434|424
157|496
721|716
428|423
E878|511
413|511
707|255
305|281
428|507
571|276
250.02|682
424|584
440|585
682|496
557|496
641|648
816|882
433|924
E885|788
401|340
493|402
592|41
397|472
575|250.8
584|V58
746|285
280|250.02
218|250
599|295
287|401
786|211
287|493
482|515
250.6|707
813|?
295|V15
576|599
345|V15
295|599
710|276
517|532
425|289
997|432
427|94
807|E812
41|276
882|401
250.13|?
555|493
436|342
250.01|202
785|585
924|E812
8|428
493|998
995|599
E935|197
682|357
518|317
300|319
789|296
54|V15
599|331
562|716
V58|276
592|414
840|285
357|716
507|584
425|724
202|283
250.5|250.4
41|681
427|E942
533|401
682|V44
711|250
599|682
250|496
V57|427
250.02|507
428|820
496|202
295|303
196|276
428|295
493|490
481|428
70|428
303|692
573|414
203|70
511|997
427|707
996|427
535|553
335|518
496|719
196|170
278|736
465|414
411|250.42
337|V58
790|197
440|E878
250.01|412
410|578
E939|715
453|455
780|996
581|599
291|303
576|276
494|277
428|E880
183|197
427|287
569|285
276|372
197|518
396|197
599|823
250.02|292
8|425
277|401
285|295
516|562
999|682
188|530
40|276
150|401
707|250.4
V45|272
707|E929
537|710
276|415
578|153
736|250
787|E935
784|298
427|535
250.6|E849
196|197
799|791
8|285
250.01|555
567|V64
263|427
345|250.6
492|403
998|276
491|507
250.12|577
536|553
524|473
780|959
496|785
428|782
578|276
799|428
250.02|562
162|135
558|5
70|300
611|288
250.01|403
999|428
591|433
416|493
785|681
250.03|646
535|250.6
263|493
730|997
389|794
440|250
784|413
552|998
481|427
411|585
585|799
295|784
424|585
593|296
250.6|426
250.81|250.6
411|295
745|250.4
578|340
112|710
276|202
94|995
733|996
458|785
578|211
250.6|285
507|428
348|780
416|782
794|786
682|596
807|781
285|305
518|416
721|433
295|41
850|807
202|250.01
E932|401
562|581
185|250
303|250.8
873|780
599|174
436|437
568|V64
425|433
786|250.7
V45|455
999|496
331|401
787|787
996|E878
511|153
250.02|781
V62|401
300|276
411|511
496|443
780|295
250|562
486|519
711|707
496|433
577|692
955|882
435|272
203|284
466|788
250.6|250.43
942|943
428|514
428|435
250.22|584
581|511
250|593
250.4|581
707|447
272|575
682|790
998|8
280|584
280|443
584|295
250.02|996
285|836
493|250.6
425|241
486|998
431|518
250.02|287
577|403
135|401
250.02|558
996|413
492|V66
728|401
425|784
491|V46
285|515
250.8|473
250.01|V12
250.92|V58
507|197
707|250.01
41|250.6
496|715
780|277
722|564
276|172
787|250.6
285|781
162|784
518|403
789|787
518|255
401|V62
411|250.02
157|285
242|812
284|250.02
486|V66
250.01|788
250.01|V42
250.6|41
840|726
344|781
507|585
492|162
807|780
724|491
250.81|443
304|577
496|112
V54|412
293|V58
788|867
285|412
404|276
535|276
511|202
599|8
518|512
348|707
276|331
337|443
780|309
998|V85
136|V43
496|244
437|787
473|401
135|493
276|317
496|442
496|V43
496|284
278|305
250.01|782
707|518
401|285
?|294
786|780
786|244
196|788
434|413
411|710
276|729
755|250
496|V10
250.01|286
V42|523
574|401
403|396
V45|414
162|492
425|294
656|250
722|401
599|715
8|493
998|E887
537|427
860|518
280|496
191|250
784|414
741|719
V64|250
799|599
584|250.4
344|427
205|41
250.9|278
998|428
998|865
250.4|411
401|350
285|722
518|728
250|429
414|437
300|?
746|424
E887|250
285|V12
496|490
250.6|342
780|250.01
707|493
276|831
496|V42
486|202
493|424
250.83|585
518|519
785|584
560|250.5
599|581
V58|250
250|518
599|710
276|591
414|331
286|413
398|427
V15|V10
681|250
785|276
250.01|591
786|793
682|296
493|295
250.8|780
250.01|577
710|250.8
552|280
V54|599
41|493
646|648
V15|?
511|438
208|E880
577|291
250|110
250.4|593
162|401
250.42|250.52
428|722
197|493
585|442
403|533
292|496
250|457
250|605
250.7|998
492|285
415|599
575|571
780|348
424|522
571|456
788|?
716|727
70|397
250|346
E878|V09
295|625
403|412
428|807
272|530
996|558
799|276
276|333
403|431
585|584
295|342
601|E934
496|789
E930|599
585|730
276|250.81
217|401
753|250
730|311
V85|250.02
250.82|518
413|272
574|V64
780|138
285|E878
305|560
263|230
428|255
453|707
733|403
426|V58
584|250
317|300
996|435
70|386
515|357
153|492
530|789
250|288
496|263
590|276
719|414
303|305
288|790
357|300
276|250.5
276|586
722|724
342|437
204|414
250.13|250.43
440|682
289|496
788|V45
V42|724
303|296
41|V12
584|396
583|585
728|250.42
424|410
250.02|923
786|396
250.41|250.51
428|250.8
996|799
453|197
414|202
276|438
255|780
719|41
189|255
250.01|617
682|327
723|V42
276|154
584|590
427|250.92
486|799
E880|410
496|294
592|788
303|250
707|995
428|E942
99|401
38|456
707|782
V15|V12
799|578
250.03|272
198|578
425|511
496|536
276|718
599|E936
536|560
295|305
518|42
648|648
473|780
V58|205
707|311
584|507
570|196
285|246
424|486
816|294
790|518
438|456
566|250
276|594
592|428
401|585
411|429
287|403
250.01|709
280|250.8
413|595
591|276
438|298
440|272
577|496
305|V58
780|458
586|272
412|496
996|998
726|716
42|585
585|288
714|790
V15|401
416|784
599|292
577|V42
?|V45
584|491
518|327
577|272
681|41
403|453
304|311
250.12|41
453|244
584|250.13
287|303
250.52|518
601|788
285|627
558|V10
599|440
250.93|730
198|729
785|290
250.02|412
311|970
V58|786
493|478
402|443
368|781
787|272
496|996
250.82|571
998|789
189|250.8
730|998
303|729
860|585
577|250.02
244|713
287|590
324|427
411|453
189|285
997|496
276|917
276|588
280|569
599|466
516|410
789|414
432|250
250|410
556|196
V42|444
805|295
490|401
591|595
411|292
35|41
276|482
424|785
204|288
569|211
250.01|793
V58|V13
553|535
414|250.4
287|428
274|250.4
724|V64
197|438
425|397
202|426
446|790
707|70
250.5|285
272|294
411|250.51
496|438
435|289
492|211
785|425
424|250.01
427|515
453|428
493|296
413|250.6
422|584
682|250.51
V45|278
591|599
348|203
250.01|658
278|715
496|94
413|491
368|E932
427|272
453|599
294|?
303|731
997|453
250.5|250.01
733|905
?|496
285|E881
591|590
404|412
V45|331
299|535
730|401
250.53|362
281|294
577|424
625|624
66|719
590|41
574|403
493|272
553|244
250.42|250.6
584|512
998|112
496|396
730|428
250.82|250.6
780|722
507|401
305|V14
293|401
493|473
296|239
V42|780
440|?
780|715
599|437
813|E885
E888|250.01
250.6|599
301|295
425|V10
242|401
453|453
276|240
428|250.03
135|599
599|162
250.82|401
410|401
620|493
135|786
780|682
786|704
427|250.51
276|592
290|V66
250.01|V43
250|729
682|311
995|38
626|250
438|287
707|729
923|570
272|250.4
285|E956
425|250.92
574|250.6
425|518
250.6|585
276|601
196|496
682|574
415|799
263|327
305|278
198|263
E849|V15
241|255
733|424
414|410
648|345
493|445
733|599
401|715
515|714
536|41
601|790
250.8|276
285|892
250.2|453
250|E935
250.32|599
578|747
596|496
250.03|300
789|38
996|599
585|445
998|413
401|343
?|250.02
584|580
304|564
402|202
789|782
280|135
530|531
486|682
784|461
250.7|787
250|E816
518|414
575|403
733|425
8|427
569|789
285|790
707|38
319|V15
411|435
290|562
790|305
481|276
808|403
734|250
863|427
197|263
250.92|402
552|556
481|482
305|583
707|783
511|998
569|569
496|564
427|244
493|572
157|189
707|788
789|284
410|532
V58|414
566|682
425|721
722|425
332|250
530|211
285|707
571|V58
733|724
788|414
491|250.5
707|424
38|585
403|V42
426|285
250.51|428
707|486
585|250.8
530|280
998|433
518|163
285|571
340|401
440|311
112|416
368|250
322|564
492|428
415|282
512|250.02
496|V46
250.02|519
577|578
786|596
780|E937
250.01|571
307|305
599|250.01
401|600
285|437
648|250.12
276|162
70|413
424|389
788|342
617|626
401|535
53|403
276|998
250.12|276
E950|250.93
428|434
883|883
780|296
996|E879
414|185
426|305
792|250.4
285|443
263|518
425|578
463|?
411|443
293|780
E870|414
786|729
198|599
410|250.83
807|873
648|653
413|412
578|564
599|355
428|412
788|295
577|285
585|416
787|E938
780|244
992|250
413|238
486|V12
486|V46
197|403
626|617
737|414
305|492
278|250.6
276|250.31
202|401
590|250.03
285|402
724|V45
496|272
707|V58
255|V85
285|461
785|840
278|438
820|427
250.02|945
799|414
842|807
250|573
197|174
397|424
401|794
197|250.92
466|197
682|708
276|574
280|276
787|V45
162|287
302|780
585|V42
428|300
564|276
314|V15
681|682
682|8
518|482
516|276
V70|V45
571|403
482|482
428|510
304|338
420|426
189|198
444|250.02
807|805
490|733
441|401
250.82|403
V85|285
737|V85
E947|244
301|244
411|250.03
435|402
E942|250
595|591
680|414
585|781
357|250.43
403|995
250.01|780
?|959
560|425
287|427
730|440
41|250.01
648|660
287|682
284|197
250.01|410
303|311
250.02|38
997|599
433|433
288|197
518|196
518|413
275|414
515|250
958|250.6
453|780
296|300
574|411
410|E885
396|276
747|250
331|413
295|272
305|287
250.02|V45
250.11|742
V54|276
781|401
276|466
710|496
250.03|V49
451|447
211|535
530|250.02
515|486
414|424
411|V14
781|332
719|V43
427|443
V57|428
799|348
574|285
496|530
578|E879
784|294
434|799
486|152
V62|493
496|812
478|780
157|250
569|414
535|486
510|786
340|710
491|581
553|530
786|996
782|715
492|710
427|296
401|411
550|162
242|396
300|564
599|346
787|E849
250.6|250.4
518|574
414|250.5
402|424
250.01|663
38|731
577|250.81
786|473
250|473
285|424
997|E888
112|786
250.02|625
305|787
434|515
272|536
786|250.92
V85|413
250.8|319
415|584
205|287
584|786
789|401
276|446
306|786
486|416
250.03|493
530|530
411|482
577|574
202|293
490|593
995|250.4
305|571
562|434
441|465
286|305
425|11
357|496
626|621
441|427
V10|V10
584|70
342|424
250.02|251
780|275
424|250.92
491|682
648|250.6
276|823
E878|396
286|280
515|428
786|784
571|305
250|E884
276|495
427|571
812|812
722|599
552|278
250.82|461
620|616
402|427
578|493
411|438
276|704
599|465
429|278
790|V58
303|535
785|250.42
585|493
792|250
E878|202
401|296
511|788
496|922
947|E861
496|8
453|397
327|281
999|250
426|276
496|293
453|458
599|413
E942|E849
491|557
585|581
427|552
577|571
250.22|531
710|584
372|272
285|293
599|242
250.2|745
250.92|665
599|568
357|276
491|410
162|414
496|250.81
599|250.7
294|V10
294|356
244|382
280|787
682|693
785|443
295|424
292|682
599|250.43
327|285
291|780
780|331
511|584
250.01|787
250.6|458
574|250.02
807|E849
486|250.9
276|794
428|515
591|787
204|401
280|537
493|584
682|404
428|836
327|401
424|?
276|515
507|250
382|?
276|441
648|250.81
865|250
250.6|294
V62|298
296|?
730|403
E878|786
715|424
204|287
V53|427
434|440
569|564
578|272
808|807
478|518
496|250.6
507|287
135|518
285|V45
599|596
788|41
415|250.03
428|250.5
197|560
205|414
250.02|573
413|581
599|507
286|458
719|V54
E932|276
250|E888
585|203
590|305
575|250
162|852
750|285
493|V43
599|600
881|919
511|163
458|433
518|515
576|250.02
486|780
112|401
599|530
425|462
599|435
250.13|425
272|V45
416|403
599|E879
403|250.02
396|414
784|198
276|211
496|487
276|473
493|511
427|995
250.02|V10
403|398
162|413
998|799
112|569
31|305
196|427
246|V45
250.82|287
250|462
531|?
493|244
V17|?
253|562
428|296
138|199
562|295
492|574
311|401
585|560
730|425
197|783
250.02|V43
832|812
250.01|433
250.8|E849
250.02|608
433|?
414|783
730|250.6
280|E888
411|250.6
785|305
959|250
510|511
648|671
285|458
V62|496
291|250
250.02|466
E888|414
E879|250
V63|785
362|250
518|250.12
998|530
729|530
486|412
250.6|424
581|250.4
599|571
805|276
511|285
420|112
365|250
285|585
303|280
416|404
295|112
250|135
511|401
434|496
437|401
584|535
916|?
599|E878
440|305
718|721
786|411
427|813
425|426
283|250.01
299|493
426|785
357|682
707|443
250.92|721
786|724
185|401
250.5|403
285|331
707|719
162|530
291|577
360|250.8
463|401
214|305
557|518
285|280
250.11|401
250.03|305
250.92|600
515|41
250.91|V27
585|284
250.02|487
648|649
382|79
738|722
403|263
553|532
276|577
473|473
276|411
V42|414
807|861
714|250.6
414|728
578|599
274|272
584|716
V45|V58
155|532
552|401
753|573
585|250.41
491|416
403|311
266|250
250.42|786
250.22|70
403|250.5
428|337
250.02|290
608|401
V57|V57
413|244
568|598
729|427
E878|41
785|440
340|276
204|573
410|V42
250|V17
250.01|646
397|428
710|530
342|276
577|535
788|996
781|244
569|250.92
459|401
250.01|197
250.01|V25
198|401
225|414
428|867
E927|E849
728|285
403|591
250.52|414
250.01|724
512|E878
584|575
568|862
453|E878
276|199
799|560
8|244
585|451
410|250.4
197|585
280|780
427|153
432|585
599|70
705|619
707|E932
584|788
453|198
512|427
459|714
599|319
276|V65
117|?
599|816
413|250.41
518|492
997|584
41|535
E885|171
9|414
413|305
V15|V61
296|272
496|437
425|8
303|291
785|272
799|496
285|V43
250.01|344
276|250.22
E878|584
337|997
780|303
873|873
413|447
277|250.01
289|250.41
157|427
250.13|250.6
789|518
536|8
805|802
722|344
250.53|424
458|787
486|997
250.02|V12
284|511
850|403
788|724
997|486
791|250
398|599
414|438
424|600
601|V55
193|250.5
599|415
591|365
278|V18
416|V45
790|E932
295|296
553|278
440|786
515|493
282|401
250.01|996
410|V15
250.92|E885
285|410
340|812
320|276
486|296
300|V43
860|E812
574|530
491|728
599|781
998|518
577|293
998|567
440|440
337|401
494|584
338|780
202|599
599|345
799|70
250.02|572
292|969
786|280
584|997
428|250.42
447|414
496|332
733|427
162|585
577|348
E944|780
486|788
536|112
342|438
530|305
V09|250
571|155
426|782
263|591
202|780
428|745
V45|530
552|250.4
491|515
285|584
427|840
440|412
416|428
820|599
199|593
444|428
787|493
722|250.01
812|599
70|250.11
786|571
726|250
733|729
V64|401
790|585
197|287
292|250.4
585|405
576|197
433|294
292|41
403|250.42
784|437
286|493
599|138
V58|577
426|599
729|250
250.11|647
753|585
250|652
410|491
518|708
196|V10
427|710
707|711
280|507
403|437
V45|413
425|V85
575|496
593|427
250.42|496
V64|280
535|340
E885|250.01
258|569
536|535
342|428
342|786
682|287
486|789
292|585
453|496
287|250.9
250.01|280
411|250.92
250.01|413
788|E880
185|275
401|294
8|453
486|494
151|196
790|E942
E826|550
571|E885
562|595
585|788
410|250.6
785|E935
427|284
493|780
276|969
515|402
584|782
427|416
707|713
151|276
250.01|530
396|250.03
340|250.6
428|558
403|473
710|729
599|278
436|427
250.01|V27
998|V43
296|493
202|496
850|250.01
382|343
710|414
577|599
280|530
389|786
599|745
584|751
197|250.02
V62|301
154|425
357|338
304|278
427|V14
496|441
710|424
491|303
535|575
428|344
426|?
564|300
558|562
428|730
682|272
458|293
V62|V58
486|996
138|379
496|516
496|810
782|789
8|785
276|E938
514|276
304|611
424|599
E879|293
263|585
304|250.6
427|331
996|424
682|620
250.81|584
519|250.7
780|285
535|401
789|303
535|291
272|276
780|402
162|719
426|250.02
162|272
202|511
250.03|625
38|E878
997|E878
280|E849
250|522
424|593
272|278
599|536
411|293
799|41
584|V85
283|220
428|866
42|263
285|758
305|791
785|V58
296|707
344|596
790|287
250|783
E878|585
372|724
282|288
780|958
478|486
416|425
507|729
782|412
250|661
799|V54
278|414
410|272
786|402
710|780
304|305
585|462
696|496
850|427
585|784
427|185
706|427
518|183
250.92|434
162|196
70|272
402|425
38|332
576|250
305|V08
285|355
787|788
780|263
785|434
415|250.02
820|V43
452|8
780|533
998|?
997|616
250.42|428
719|721
413|440
V10|493
309|305
741|276
250.12|535
263|34
424|309
564|789
486|710
424|E932
396|428
295|780
453|784
415|403
349|276
891|?
276|404
780|424
783|362
112|300
250.02|591
562|401
112|465
496|627
493|723
410|707
780|293
518|340
428|38
280|E947
342|402
342|263
250.02|294
599|196
310|250
507|496
785|996
682|250.42
305|813
411|707
286|401
172|414
569|V58
434|745
285|715
V45|250.7
786|285
250.02|844
571|112
260|518
426|812
410|585
250.2|584
276|696
820|250.01
250.82|250.42
250.6|250.81
486|578
276|724
560|562
411|V17
402|454
250|319
285|535
397|411
496|724
599|789
569|455
428|251
381|250
250.1|278
8|342
295|250.12
E930|787
112|426
593|401
403|275
491|723
536|276
599|300
E885|V45
287|250.4
428|955
493|135
280|733
682|715
562|280
427|369
425|278
611|276
718|715
584|601
719|401
562|427
250.22|491
V10|411
524|E812
410|785
459|707
250.5|401
427|437
285|292
604|250
V10|V45
787|424
E849|285
E942|584
578|789
577|V15
578|428
599|515
569|305
578|569
304|723
496|625
788|305
276|250.41
403|998
444|403
412|250.02
799|E935
295|518
295|197
303|V18
411|780
585|340
560|560
250.2|V58
V43|414
242|593
288|276
707|444
998|560
998|581
493|518
369|370
482|427
250.13|V58
250|289
507|276
276|383
780|831
301|250.6
270|414
250|847
291|781
V15|305
723|781
428|715
466|786
813|814
196|553
218|401
719|300
478|496
486|V58
681|428
707|250.42
492|41
428|710
255|V58
E935|280
275|272
155|197
250|V13
280|599
8|266
789|287
728|250.02
507|578
250.8|227
285|242
250|428
197|183
411|250.82
284|456
250|458
482|276
250.7|250.6
733|413
414|250.01
493|250.01
V72|305
715|780
496|781
410|263
410|402
485|402
250.42|453
595|401
250.02|726
250.01|458
453|285
581|403
780|250.02
368|784
340|584
250.81|962
403|715
174|250
411|204
996|250.6
558|786
780|250.7
162|491
250|998
280|788
250.51|278
693|E930
425|V43
566|730
428|157
331|518
300|312
511|486
296|599
298|305
568|553
728|427
648|658
518|465
250.81|416
682|E944
607|735
591|995
625|618
625|285
211|724
276|88
402|413
511|424
V42|788
428|788
189|305
507|518
446|707
564|305
250.01|204
924|250
263|V63
790|787
722|722
577|567
295|306
307|250
285|477
517|571
250.02|284
786|276
780|189
969|780
V65|?
41|348
789|?
453|820
285|294
203|287
591|403
707|996
250.91|661
404|250.41
250.6|250.82
250.6|287
E932|786
428|70
411|296
250.02|486
787|478
490|428
511|286
153|?
724|285
560|707
466|276
250.11|319
250.82|710
278|276
244|530
780|272
412|458
425|305
250|795
41|V43
730|8
428|286
784|E935
585|595
296|303
286|414
401|250.42
998|736
790|996
425|V45
486|285
342|294
416|402
719|E880
404|496
427|492
532|531
496|412
411|999
250.6|272
443|272
491|485
154|428
428|V15
591|598
682|511
276|356
250.92|426
571|696
574|292
112|112
250.01|300
V49|285
491|70
996|482
300|294
358|250.6
427|250.82
491|V12
401|250.5
599|E880
789|289
748|276
787|584
162|427
444|442
250.6|625
342|153
578|310
486|?
459|250
787|V60
577|162
568|414
438|427
278|701
V58|272
53|250.5
715|781
729|359
585|453
482|403
V72|427
424|416
428|?
428|196
312|301
428|395
518|611
250.8|V58
535|E849
428|250.83
780|997
286|V58
358|250
V42|493
453|414
250.41|250.7
403|581
427|873
428|478
599|593
427|41
250.82|584
599|425
596|401
425|486
491|438
427|441
707|438
560|E878
707|348
443|414
250.01|626
276|294
327|300
410|493
998|707
272|414
576|571
707|681
410|682
428|553
112|250.01
296|E813
491|V10
428|429
250.01|711
592|396
296|780
788|E942
584|319
511|420
262|438
998|41
276|94
425|211
V62|402
680|41
250.6|724
401|733
997|707
424|275
305|284
411|518
577|V45
585|411
596|280
593|585
556|8
451|707
E849|290
599|558
342|530
574|294
250.01|560
707|466
599|618
435|458
295|293
996|250.01
714|733
491|786
211|427
518|287
813|276
342|782
253|295
706|278
788|344
492|568
560|491
428|8
492|272
411|577
802|873
458|401
303|250.12
782|E932
304|424
553|789
571|576
680|680
303|721
424|287
584|225
786|253
285|531
278|250.8
482|599
427|716
42|591
567|135
564|733
300|296
403|459
424|553
530|425
250.01|415
560|402
245|252
277|278
220|401
403|785
413|411
153|728
428|266
250|185
428|185
787|624
285|438
585|250.51
581|428
707|278
512|799
291|535
70|303
745|786
356|285
427|202
428|5
707|V49
585|250.43
482|V09
41|453
198|251
250|437
238|250
70|403
807|296
250.13|998
434|584
585|532
299|41
250.92|V45
780|250.51
572|250
202|199
386|414
729|278
427|412
443|491
401|438
294|530
682|844
34|250
574|425
204|593
250.12|578
424|413
530|?
680|288
730|682
250.01|558
428|V42
427|E932
266|396
707|V44
710|286
410|426
70|427
784|E878
584|250.12
531|276
785|250.7
342|V12
250.92|?
191|453
783|438
197|780
682|523
571|402
786|182
411|576
337|V42
V85|202
197|285
394|276
783|211
591|278
427|593
250.6|825
V62|303
424|311
530|278
242|599
493|438
820|410
785|491
401|443
737|250
995|410
995|584
584|162
250|V42
787|714
112|491
296|285
496|273
155|286
491|141
431|427
794|564
682|958
786|593
281|401
244|414
584|466
518|733
403|250.51
287|285
276|433
157|280
411|303
511|291
453|553
441|780
42|402
250.82|707
250|V63
250|403
507|787
721|715
285|578
496|342
E900|491
8|327
728|729
786|511
729|428
386|?
456|250.01
729|274
496|593
507|410
276|250.51
780|560
462|714
E878|447
575|997
280|154
446|E849
250|558
681|403
722|592
427|713
250.01|201
441|428
996|496
8|574
823|263
292|E947
860|807
401|266
250.81|V58
507|425
287|41
788|780
530|553
292|250.01
284|285
272|250.01
428|714
518|8
659|426
368|300
710|787
331|780
291|250.2
196|424
401|V49
805|403
250.02|426
198|428
836|250
493|309
250.6|295
V85|327
574|705
42|70
491|705
924|285
821|780
162|789
281|250
303|428
574|492
427|455
507|530
V15|414
599|V43
491|250.43
250|788
444|682
427|E950
614|788
E870|401
427|281
250.02|560
584|600
?|281
250.52|250.6
789|V42
730|710
196|198
276|E934
425|287
425|536
592|276
250.21|202
287|300
428|335
276|519
295|301
821|401
558|787
518|342
453|578
289|401
492|413
303|41
293|398
362|429
426|425
416|278
250.02|E929
401|295
428|404
511|785
511|250.4
707|997
493|585
255|253
707|459
427|250.03
432|712
507|799
571|707
293|599
188|250
250.01|E887
427|112
596|455
250.41|536
780|250.82
411|560
285|719
578|571
284|578
648|652
196|428
250.7|300
562|455
427|E987
414|458
758|319
805|805
E928|250
707|340
276|382
421|38
348|E853
250.01|294
585|785
8|?
200|581
V10|785
151|787
211|455
434|780
438|997
250.6|995
242|241
585|V15
276|733
202|414
780|794
403|413
810|812
599|303
250.02|642
255|558
250.02|733
571|784
486|286
478|786
785|263
250.13|305
197|V44
E812|250
242|626
327|250
516|518
427|135
785|295
162|733
491|425
275|402
348|584
250.02|397
788|618
398|428
38|V45
577|280
340|305
577|575
728|426
599|519
560|250.8
558|599
553|276
220|218
401|710
V42|492
295|285
462|305
242|403
745|414
250.81|530
151|112
968|E855
595|250
250.13|730
414|997
492|250.93
867|261
250.8|E947
682|786
789|496
574|427
250|873
386|401
569|599
401|790
135|285
785|530
432|414
427|V85
573|427
486|787
496|303
201|401
577|518
996|552
386|780
253|285
530|707
276|253
276|342
E917|250
785|331
592|599
298|301
433|781
285|197
427|E812
571|331
599|272
377|707
151|197
342|733
599|317
648|250.92
496|208
272|564
250.6|682
287|465
250|591
784|250.7
285|V64
490|780
368|414
410|411
581|492
425|416
250.81|8
250.92|599
346|311
427|198
428|595
225|250
442|414
196|401
E888|332
511|272
496|682
788|V12
791|682
574|227
712|250
491|242
411|300
8|272
E942|424
289|E849
195|V10
524|41
682|94
680|709
E812|401
304|519
427|426
567|427
38|389
496|787
285|286
780|411
435|280
185|244
255|401
414|593
250.6|E812
564|V10
518|303
780|553
491|305
515|784
518|E938
682|584
437|573
314|250
189|197
787|599
682|V85
562|250.02
E939|276
453|402
70|250.6
786|564
707|263
437|290
276|465
285|281
707|305
276|335
250.6|586
789|198
518|530
491|38
411|V65
V62|309
427|344
453|250.01
437|298
642|250
576|574
555|E944
348|E812
276|511
847|E812
218|625
E858|410
491|V45
346|401
250.52|250.42
250.02|242
440|730
466|780
989|250
806|401
E884|285
V85|698
250.83|317
747|424
724|729
816|E818
E888|396
870|802
562|569
723|355
996|996
340|553
283|202
784|345
263|276
512|8
162|780
70|997
198|250.02
808|821
197|199
401|490
515|996
518|446
403|531
403|426
707|507
599|694
151|560
402|438
591|197
569|280
272|285
427|250.42
584|456
567|496
564|780
276|191
608|493
286|403
295|486
799|466
403|V46
434|507
276|343
250.11|496
496|453
496|404
496|309
250|626
250.83|403
560|518
536|599
438|423
41|496
V85|428
435|412
584|783
38|285
403|578
305|250.01
873|401
203|401
276|437
573|401
591|493
403|E888
995|733
295|571
807|E888
250.01|274
332|401
V46|786
444|681
510|491
511|571
424|592
304|276
250.02|729
250.01|304
280|435
440|276
540|493
707|611
729|599
682|413
571|428
484|136
196|263
413|729
428|574
403|154
682|530
110|250
995|401
920|E849
277|285
470|473
496|204
996|V42
E878|411
250.41|518
151|568
413|490
518|553
423|998
284|305
861|924
434|276
805|250.01
288|585
250.11|303
456|70
333|307
250.01|647
784|300
403|V58
713|707
41|725
369|401
821|280
786|250.5
553|294
294|787
948|E894
287|530
250.81|276
599|458
E935|276
250.11|403
E965|E849
794|?
781|794
486|250.4
455|250
250.8|285
733|208
552|518
250.03|707
285|154
997|276
710|427
250.82|427
?|733
294|348
584|496
V70|427
276|694
250|413
465|?
491|357
403|723
515|496
414|285
41|V58
401|728
348|331
842|E956
434|788
496|138
648|663
682|443
780|512
578|710
112|197
162|284
V16|250
303|70
721|724
292|333
250.02|802
401|424
442|453
790|288
596|41
462|53
E849|584
38|428
427|781
799|47
280|V54
112|556
682|924
496|726
599|537
285|357
202|V46
8|579
250.03|584
250.41|255
805|296
E816|682
920|924
428|573
288|250.6
578|250.41
275|276
197|272
401|274
348|784
531|285
564|?
733|V10
250|424
250|V62
V18|?
427|807
250|785
682|493
285|812
446|433
438|729
250.53|287
312|250.02
E932|414
511|397
788|428
750|414
997|454
584|996
997|410
292|786
413|708
V54|922
786|250.41
8|585
401|781
560|787
250.01|784
285|E880
41|996
278|54
518|331
426|250.7
780|808
112|250.6
305|733
514|425
789|285
V49|250.7
413|135
481|250.02
276|250.11
496|V15
518|682
682|459
285|718
305|285
477|250
799|V58
414|429
446|511
411|784
457|459
251|780
453|396
V58|723
345|162
997|425
511|423
276|614
558|?
781|V43
585|250.53
250.01|138
786|490
493|455
682|250.03
682|293
780|443
343|250
599|411
535|569
414|289
42|428
780|V85
413|515
722|574
724|278
154|276
591|250.01
274|715
250.92|41
285|278
112|141
255|571
46|79
280|456
786|991
287|426
246|401
204|163
427|394
262|197
493|235
427|292
40|38
805|E888
707|593
276|E819
253|648
162|338
157|518
444|250
322|38
577|789
427|783
E933|183
410|E935
575|553
428|112
440|162
576|576
41|293
403|784
303|493
276|E885
781|250.6
707|V10
724|338
258|787
242|311
285|274
786|461
998|568
343|493
276|250.43
287|250.6
413|304
996|492
38|250.02
799|278
401|719
733|715
511|581
521|427
425|514
288|733
414|276
358|790
294|285
311|530
E812|410
410|53
337|728
482|117
211|211
788|412
781|285
574|600
593|491
250.01|331
784|626
496|576
808|8
403|535
428|805
600|601
397|511
189|199
E878|414
442|441
789|456
185|441
493|519
276|384
250.91|646
518|250.42
790|185
E849|493
251|E932
337|836
V45|244
250.02|V17
196|41
272|272
342|781
E932|285
151|446
562|276
250.6|282
8|275
411|437
403|V85
295|493
428|728
204|283
70|584
250.02|600
574|496
319|521
E885|722
443|707
726|733
784|787
518|V85
401|486
788|591
531|E935
745|250
569|710
453|53
512|250
447|250
401|729
435|784
303|E888
496|802
515|491
70|276
305|731
578|424
218|618
682|V42
560|250.01
413|723
507|572
824|825
199|496
413|278
250.02|787
285|398
250.02|578
728|496
196|569
250.2|495
562|443
9|280
250.13|41
401|593
V54|250
V46|401
303|304
733|722
9|456
404|786
745|401
300|300
41|564
331|431
787|57
585|410
250|281
E888|427
780|907
707|560
511|682
250.01|441
572|584
433|38
707|934
995|566
291|276
348|733
788|281
414|584
599|620
421|427
250.82|41
860|401
E888|225
250.01|730
307|276
780|426
425|202
461|793
280|305
E944|785
424|250.02
V58|427
518|780
250.41|492
425|440
614|218
296|E849
512|E879
403|682
425|723
585|250.3
711|41
421|996
812|305
293|596
154|413
404|250.02
486|785
295|414
284|682
436|403
V72|V58
585|998
558|785
852|E880
287|473
291|724
276|410
599|255
V42|440
427|591
659|250
576|511
V45|995
276|17
396|584
428|995
907|438
590|401
337|511
515|250.01
280|287
250.02|784
280|303
585|238
305|953
486|250.11
728|250.92
780|V42
562|562
680|585
786|789
V63|707
294|276
996|707
415|444
V45|787
427|218
130|780
724|789
250|256
112|599
342|429
250.13|414
152|196
493|492
780|782
440|404
261|518
305|304
595|620
595|595
453|250.02
851|427
425|785
200|250
599|564
202|799
250.01|785
415|428
410|486
311|414
584|263
599|447
287|560
998|423
425|E878
284|162
733|278
V43|272
358|244
584|410
997|414
427|715
584|250.7
459|428
250.02|722
250.92|782
648|424
276|362
70|493
434|427
414|681
303|295
799|?
311|332
351|351
276|309
V43|E884
250|273
482|493
427|197
250.82|?
344|425
285|455
286|296
244|276
185|197
250.41|428
427|920
38|38
585|250.7
283|780
789|272
293|270
790|V43
996|785
196|285
584|577
550|401
433|250.7
831|275
208|414
250.5|724
V15|493
715|428
189|401
311|593
V54|486
585|716
E947|E849
305|785
599|728
288|783
453|278
437|530
70|578
998|724
496|300
250.02|715
501|428
424|521
466|426
733|174
250.4|585
88|250
233|196
403|490
997|285
401|70
285|411
276|E943
250.01|824
V57|V54
820|250
196|288
V58|296
153|401
263|V10
496|577
492|410
404|396
250|601
453|151
584|528
443|305
592|592
610|611
456|453
577|250.01
584|574
428|E885
518|294
253|733
493|410
780|312
319|401
599|197
599|250.81
707|376
998|788
298|295
276|E888
431|599
285|440
403|250.7
516|250.02
112|496
426|403
398|402
332|V15
491|453
493|V54
427|595
250|259
250|358
E906|381
402|511
70|305
280|535
278|428
553|327
E885|285
724|722
780|41
536|401
410|434
403|571
403|250.41
156|197
784|478
799|295
117|305
250.02|575
682|440
591|250.03
250|685
816|E812
530|294
998|424
820|403
585|138
362|374
38|410
682|916
357|599
512|174
584|V53
424|575
564|V85
112|272
250.6|202
E928|E849
239|401
282|518
581|560
396|V43
E885|715
434|518
571|41
250.03|285
782|250.6
998|196
567|401
787|?
730|686
574|569
401|682
873|599
780|438
843|727
343|317
616|218
138|285
599|250.4
492|444
435|333
585|250.12
707|715
E885|910
348|295
780|536
112|560
70|V43
360|276
344|564
571|296
276|252
707|578
362|389
569|572
301|466
574|197
577|250.5
496|444
733|726
428|719
719|250
428|357
782|511
997|41
412|244
357|V58
250.02|533
V54|788
585|14
413|593
726|250.02
322|288
453|491
710|707
518|286
303|569
250.02|337
284|491
557|250.01
648|669
728|799
424|331
799|402
786|331
647|V25
227|244
205|496
781|340
E880|250
496|553
155|70
574|714
552|289
8|304
560|496
286|511
250.02|577
722|715
V64|518
454|250
276|E947
519|278
558|162
416|427
305|311
437|412
578|486
287|581
250|301
303|789
496|227
522|272
340|428
294|V42
309|412
250.42|584
V10|V66
250.6|438
250.8|428
453|593
250.41|584
787|V64
453|682
250|659
276|796
250.12|560
496|591
437|331
293|280
8|250
719|V58
706|906
250.6|305
598|493
203|250
250.12|304
716|496
569|558
751|244
112|E942
344|368
427|242
153|427
518|135
250.92|705
786|255
303|300
493|202
250.02|252
780|781
790|783
719|396
566|276
581|276
785|250.82
E850|V15
356|250
V50|610
432|873
401|786
785|162
250.02|522
410|794
V64|782
285|332
307|438
153|357
427|298
802|427
511|250.82
493|V42
787|E947
493|288
741|E942
574|V62
496|862
812|401
576|573
443|562
710|599
920|401
425|586
435|446
250.11|250.6
244|250.6
285|789
611|250.6
250|355
550|250
278|785
599|E888
250.8|486
78|599
196|799
599|E931
250.13|253
781|784
567|250.4
785|496
584|753
197|250.6
401|840
599|924
427|300
V85|414
241|289
584|8
70|425
591|719
571|244
511|585
481|585
250.22|493
446|162
518|204
569|997
250.03|456
421|414
305|E950
441|425
599|V58
802|802
276|250.2
250.03|342
356|722
585|530
424|E880
427|575
V42|428
332|331
305|357
496|611
577|278
425|782
434|8
191|578
455|211
304|710
344|250.91
682|515
805|250
437|414
401|290
823|821
552|574
530|338
518|707
805|584
292|250.02
331|726
305|780
482|250.02
337|?
411|342
250.01|285
595|428
354|959
584|998
277|250.03
293|600
287|V45
995|486
397|434
287|170
707|530
493|461
725|244
276|122
314|300
41|250.03
820|E888
438|723
575|285
289|402
272|244
646|590
V85|401
428|356
280|466
276|738
38|250.52
397|585
691|112
304|722
404|272
337|357
572|456
455|435
492|562
491|189
585|413
200|780
211|568
285|253
618|401
756|250
290|427
415|202
711|696
E888|362
807|414
211|414
41|244
428|453
425|250.6
569|780
331|781
250.8|357
242|250.52
155|571
425|571
715|719
623|623
447|276
250.92|512
710|736
204|345
250.01|501
733|719
821|275
801|496
535|250.8
924|922
198|782
812|285
154|780
V43|599
303|274
403|198
250.01|V15
998|790
584|592
E947|276
284|136
311|305
423|V45
560|290
250.02|174
682|458
787|414
428|211
998|786
518|250.01
8|707
578|584
403|V08
847|873
340|996
293|294
250|290
250.13|428
250.3|424
285|492
799|250.02
282|250.93
599|E950
V69|E937
515|403
250.81|?
584|730
421|428
153|511
491|202
724|344
511|714
585|305
V45|425
427|562
266|428
327|V15
781|250.7
996|38
796|401
291|296
786|518
V18|789
438|344
428|V54
560|575
573|250.01
414|250.8
682|685
585|255
512|428
250.43|584
250.6|413
578|707
424|278
560|995
518|459
344|E928
496|415
722|782
276|304
783|719
596|997
287|571
E885|786
729|433
560|250.6
V10|473
396|331
8|424
189|250.01
250.01|511
721|789
250.03|652
511|807
519|401
E878|331
801|458
574|780
787|458
465|250.8
250.6|V43
359|722
323|278
648|661
340|729
491|616
E882|E849
278|724
462|250
135|425
295|575
794|530
601|250.22
276|327
905|250.01
620|250
562|272
491|424
428|590
845|250
344|428
453|790
401|242
727|401
555|535
401|342
403|569
250.42|583
413|292
591|562
785|287
620|401
496|519
723|599
486|250.8
998|785
789|E942
585|719
562|558
250.8|305
348|403
799|285
560|396
577|997
197|592
728|250.12
780|E944
288|785
42|577
707|686
305|300
250.03|E880
726|726
345|260
574|228
8|441
V63|250.52
729|784
E888|423
300|278
486|490
280|250.51
250.01|681
802|E816
E950|300
496|214
577|154
153|578
276|V43
V85|787
585|V63
493|726
250.4|V58
599|560
E930|465
584|262
424|241
443|595
280|E932
112|611
70|787
537|401
922|401
496|E947
250.11|250.51
250.03|304
564|250.02
788|783
411|486
599|434
440|518
359|276
507|493
573|280
V58|496
555|276
117|681
496|473
492|250.01
250|598
403|447
486|284
263|577
410|599
865|V85
250.02|201
40|403
723|250.01
250.01|426
995|281
250.13|252
401|202
287|250.52
8|789
426|218
V61|?
733|198
250.01|920
V63|425
311|293
577|786
305|681
799|250.52
719|496
250.22|424
789|576
486|478
807|599
250|E815
562|V45
789|163
415|162
733|285
532|414
414|433
813|41
507|250.01
997|434
403|250.43
621|627
599|996
42|?
595|276
788|738
41|680
214|368
162|507
250.82|263
155|250
493|441
789|286
284|250.01
496|618
413|V42
40|584
715|782
41|?
250.02|536
403|721
296|971
433|362
412|593
280|424
514|38
333|250
599|621
786|453
38|250.83
781|428
892|E920
466|427
250.01|845
250.01|E885
200|284
314|301
787|388
227|465
276|279
285|486
511|278
707|413
428|153
305|794
415|997
425|728
198|287
250.81|250.7
730|250.82
250.11|492
440|250.7
153|493
518|153
536|724
599|V12
788|553
607|401
780|966
457|250
788|425
112|536
648|250.41
998|250.41
250.02|V53
427|568
402|599
112|458
250.03|648
511|710
372|414
283|250
276|260
428|198
491|411
648|250.91
453|250.83
411|V42
V85|788
250.42|401
648|280
V45|305
642|250.53
440|426
342|715
414|556
414|E879
438|280
303|331
250.52|411
496|250.92
577|296
196|340
511|70
332|427
280|290
11|707
295|250.51
250.8|403
599|729
244|?
572|466
491|530
997|250.02
496|386
275|311
293|V43
295|E888
252|250
323|780
535|537
583|?
303|287
250|719
492|V45
458|427
202|443
618|218
440|8
491|250.92
716|250.6
611|305
376|250
250|536
584|305
733|438
284|150
998|V09
428|996
945|E924
V15|V45
780|288
998|410
873|250
250.12|402
648|V23
578|250.6
198|41
680|E879
8|780
424|491
414|788
285|E886
396|398
542|401
728|8
413|V10
707|999
288|250
721|414
287|292
736|V43
785|590
995|345
780|733
789|416
518|593
786|413
250.13|530
618|625
401|599
524|721
571|250.02
440|599
285|250.41
571|535
280|189
511|402
250.92|V03
435|719
425|V42
531|425
41|403
E947|599
789|794
799|303
799|486
599|250.92
348|435
788|285
V42|250.8
250|V23
E938|327
250.6|V42
717|726
788|V85
340|272
E883|272
787|789
250.02|607
496|815
852|250
V62|V15
250.03|401
816|E888
424|560
289|304
276|456
250.03|496
204|427
342|730
707|301
496|250.4
V85|?
202|530
780|V62
250.03|405
E878|427
41|584
250.51|403
426|790
415|304
403|394
682|997
514|428
227|401
785|402
E934|724
599|397
440|V44
780|578
486|337
918|250
250.13|272
250.01|792
E888|250.02
562|214
V85|710
564|V45
250.01|277
250.12|584
41|459
263|787
403|252
413|466
553|305
645|654
303|584
465|461
358|710
799|453
496|905
424|250.6
458|530
250.81|791
593|425
491|492
789|202
280|618
253|424
276|250.53
620|220
780|924
V58|457
198|250.51
530|426
401|681
250.01|660
340|275
8|790
571|425
780|311
250.5|250.6
522|274
493|303
285|448
414|794
574|576
250.02|396
783|788
496|620
465|428
V85|425
721|722
250|807
493|358
585|337
382|401
E947|786
618|617
197|572
721|401
54|402
707|274
491|995
38|427
135|272
94|276
491|250.7
362|272
511|V45
311|458
331|414
284|238
788|493
41|294
511|196
250.02|518
614|568
337|V12
455|562
V42|250.51
780|174
425|299
996|682
324|250
584|458
272|402
282|413
285|V58
276|301
784|496
250|54
516|428
710|715
724|185
276|714
682|250.5
425|719
425|458
785|250.4
410|555
276|463
414|309
322|401
496|199
358|721
403|293
396|290
250.13|599
424|714
295|?
486|530
162|799
585|155
411|759
V44|V45
250.01|790
789|V58
250|V49
432|426
518|250.43
153|496
250.03|965
577|790
465|403
V42|425
444|414
496|507
285|E935
519|799
482|280
276|150
453|272
204|424
153|250
433|79
625|218
438|780
8|79
790|461
250.51|426
250.01|V18
V42|70
568|562
V42|412
461|250
585|112
730|453
411|V85
38|682
250.5|V58
411|458
682|V10
618|996
79|535
397|250
426|250.01
682|491
496|722
721|402
295|535
401|238
309|V15
707|453
V15|V70
724|715
403|282
202|562
996|331
428|564
38|440
591|414
292|780
295|E956
736|300
831|805
493|997
250.02|241
557|787
998|584
524|729
356|402
V42|427
275|712
496|447
425|466
785|560
572|562
250.01|642
424|273
276|567
578|291
560|250.41
584|728
584|266
813|824
442|401
535|E932
253|535
413|564
404|285
250.01|435
276|79
599|867
507|250.82
728|263
276|807
250.03|492
799|410
555|599
707|185
E878|250.7
294|250.02
496|304
278|416
276|815
70|780
285|453
591|564
617|625
285|726
276|708
599|695
112|437
996|410
250.7|356
807|E828
288|414
996|280
536|607
424|300
511|478
466|305
331|250.6
584|250.6
530|562
263|E939
250.6|250.12
715|244
437|923
599|785
593|272
205|338
151|250
V45|593
202|38
433|250.81
786|277
552|285
42|799
404|414
276|920
414|535
305|453
733|733
38|507
997|553
250.02|311
421|438
401|568
276|281
997|244
996|518
280|414
576|496
574|135
428|576
285|681
428|737
496|365
220|250
291|305
250.02|256
584|287
273|787
V45|V15
396|401
997|799
250.6|433
V43|285
532|530
805|260
593|412
731|707
427|745
397|417
719|997
424|E888
812|724
250.03|681
998|197
292|424
728|493
203|199
250|433
250.01|V10
162|244
415|728
277|250
493|536
585|275
996|157
596|998
427|342
511|933
42|250.01
574|274
413|250.4
380|414
790|E934
414|250.82
379|250
304|781
790|491
300|V17
745|227
496|731
203|584
244|427
401|562
396|515
289|250
530|518
496|756
241|574
590|70
496|290
719|786
524|584
577|342
250.1|291
511|799
331|357
558|204
599|575
335|E932
427|365
185|239
E880|E849
711|285
722|496
263|496
784|433
E935|250
707|590
414|998
427|506
496|737
780|327
478|204
620|568
205|682
291|458
410|780
413|294
288|401
250.01|956
205|250.6
279|496
496|311
310|401
287|443
424|733
250|799
702|250
787|218
618|788
284|287
138|353
560|V10
250.82|250.02
70|490
42|515
759|599
455|272
E879|112
491|934
724|737
596|250
V49|707
287|599
721|296
250.92|V10
291|997
250.92|996
250.02|312
250.01|653
41|272
226|275
782|V10
507|349
250.13|785
784|305
285|682
487|250.42
584|686
728|780
416|285
263|413
617|614
250.02|705
518|41
493|707
413|274
578|682
496|250.42
305|882
576|428
250.02|293
344|707
401|626
599|446
530|535
780|719
491|198
V42|250.5
401|365
584|E947
453|287
250|295
558|455
293|275
440|731
710|515
272|780
285|284
V64|272
250.13|575
259|428
627|244
998|627
578|V15
7|7
250.12|730
250.6|780
244|V10
427|435
424|715
727|250
427|569
V85|415
574|567
246|250
250.52|362
722|560
348|296
733|196
154|250.8
790|493
599|566
311|?
411|112
599|432
427|357
785|250.01
41|709
277|414
410|E878
401|112
923|278
410|8
276|808
276|E826
438|300
250.11|250.41
810|861
492|?
276|157
425|V49
707|747
511|250.01
41|599
453|286
440|V45
250.11|560
577|V64
487|585
293|345
280|300
557|250
812|?
250.02|515
441|402
250.41|401
218|614
562|285
822|518
305|402
493|8
153|424
70|455
397|427
70|402
349|599
279|780
919|E885
70|287
923|E880
850|486
585|578
487|255
E888|719
70|456
411|441
486|580
435|427
303|780
787|786
512|998
805|518
786|686
250.02|410
420|787
284|135
785|?
416|272
733|250.8
263|438
250.8|?
535|303
V85|496
995|490
427|730
812|E880
250.01|383
567|599
482|414
348|736
435|110
198|569
518|250.82
511|250.6
567|255
250.81|780
786|585
852|8
577|486
425|411
295|250.01
197|562
728|465
600|285
453|295
290|244
V02|V09
403|574
446|403
599|V09
585|714
453|438
814|285
441|593
515|70
250.92|780
486|250.93
291|291
402|250.6
290|276
584|578
428|250.81
V42|787
293|V45
584|722
250.92|805
294|426
781|412
786|533
783|?
453|?
491|721
616|626
296|304
250|292
244|274
518|263
70|250.01
722|428
789|780
276|203
486|250.82
570|577
707|110
574|V85
272|577
304|272
8|196
440|290
282|780
250.52|342
682|447
276|E879
496|362
427|576
288|E947
785|780
414|278
746|414
738|401
574|995
495|428
590|584
305|562
250.22|342
682|917
250.7|285
511|348
280|996
V85|412
250|356
729|458
491|135
427|V44
276|E937
287|461
591|250.6
305|491
250.01|710
285|250.03
362|368
440|357
590|250.02
428|627
581|585
788|682
V57|410
682|304
789|781
560|535
8|535
591|600
162|208
V23|648
V43|787
V45|599
427|694
780|153
250.7|272
440|581
255|285
799|518
112|70
250.02|788
785|518
557|416
298|V12
260|486
780|728
293|250
707|710
784|342
V85|465
998|571
593|428
198|788
515|292
784|784
305|577
203|496
686|41
V42|250.92
285|596
413|250.7
E935|428
E947|414
577|458
V70|433
486|569
403|429
157|599
530|571
428|796
781|238
997|250.53
780|618
198|196
250.81|403
591|496
250.8|345
300|428
V12|414
799|427
410|444
197|552
531|996
780|256
276|54
453|V42
577|531
300|272
402|276
585|924
486|288
782|585
285|996
250.6|V58
38|574
401|564
V63|305
428|205
429|425
486|V10
288|305
560|682
250|486
V63|42
403|410
279|250.02
571|284
403|386
723|721
293|428
574|784
805|424
250.6|425
427|E884
486|295
710|428
250|E881
428|331
730|250.8
553|792
286|V12
342|250.6
648|250.83
491|V63
428|E932
303|250.42
456|456
728|295
138|E885
378|272
576|518
511|435
294|365
598|788
401|553
996|V45
284|174
426|70
284|E878
280|244
427|E941
785|492
438|592
591|780
710|492
530|714
438|590
560|V85
401|717
250.02|915
596|585
441|496
403|355
250.02|736
552|427
295|788
325|285
491|285
410|199
462|593
197|188
465|518
466|416
348|250.6
782|278
710|425
286|276
959|E888
780|V64
428|420
191|401
487|70
291|425
431|250
825|401
998|425
331|41
282|496
150|278
250.92|413
394|710
304|292
444|401
414|327
729|782
275|250
496|592
250.01|348
491|443
250.02|641
E868|250
V72|250
616|286
496|440
496|729
496|E849
294|225
V42|424
492|721
276|429
250.02|453
478|591
571|486
424|386
413|573
V85|263
682|438
403|786
425|584
352|705
413|282
396|411
788|730
873|923
511|780
714|729
250.93|490
427|250.8
53|414
V12|794
305|70
250.11|244
576|782
42|425
996|607
250.01|E934
152|531
276|132
493|464
304|741
V65|401
560|42
V64|V45
607|250.02
295|E950
456|571
414|780
799|253
413|295
424|533
425|710
285|820
599|426
682|788
162|707
577|782
560|441
198|403
799|425
492|599
590|567
250.93|518
425|482
458|496
620|625
V15|278
534|V45
414|486
V45|300
518|250.8
202|41
611|E849
401|714
440|425
427|250.4
285|560
250.6|493
516|584
583|581
599|438
788|600
723|412
518|625
70|V15
571|?
860|285
560|996
250.03|654
443|496
567|571
250.01|402
596|413
585|?
542|250
440|250.01
599|204
444|272
464|250.6
535|571
295|491
403|305
250.6|515
599|332
729|722
585|V85
576|530
117|593
250.6|403
398|285
250|386
94|413
250|515
585|300
511|V58
428|999
560|593
398|492
693|E942
203|413
584|300
578|286
598|605
276|135
150|197
998|282
198|E932
411|281
300|250.6
722|272
396|250.02
53|250.6
625|272
255|427
591|788
560|493
455|428
493|413
250.4|414
491|250.03
721|276
276|298
425|733
285|905
481|250.92
553|620
94|403
403|733
807|723
784|490
284|198
552|?
482|416
707|?
411|V63
572|70
382|351
276|516
574|V42
593|285
V49|250.8
434|707
569|707
523|250.02
997|512
428|442
707|295
576|426
208|511
451|289
681|707
507|482
250.12|788
998|250.7
276|286
250.02|616
327|714
552|552
560|278
332|250.6
493|425
428|292
722|244
202|707
599|293
276|416
V85|402
198|250
410|296
577|780
154|218
453|571
250.12|250.52
785|250.8
599|110
411|V15
577|112
996|276
250.02|644
574|250.92
250.8|293
285|716
780|E939
617|218
491|402
250.03|135
287|344
458|465
70|304
793|496
596|V10
250|693
428|350
250.42|780
491|278
781|530
250.6|250.41
403|443
780|250.83
808|276
570|511
682|996
427|577
412|272
590|263
496|V12
250.6|402
198|285
279|701
486|707
362|250.5
550|568
591|188
403|V15
305|593
403|296
250.01|656
250.03|535
305|250.02
496|790
553|V85
453|486
401|428
437|280
717|250
250.01|722
807|401
242|414
276|V49
584|250.1
599|340
438|250.6
250.41|276
275|303
791|382
577|135
250.8|278
718|401
250.23|276
276|512
403|70
404|427
496|V63
864|860
E939|250.6
584|V42
296|V17
211|250.02
433|782
204|592
496|710
345|530
403|789
276|455
250.02|279
518|466
425|398
250.4|586
807|729
285|696
998|574
682|681
721|752
197|250.01
492|494
305|42
780|V12
569|250.6
807|813
280|707
441|276
331|331
681|250.6
682|726
780|250.03
276|552
288|V42
560|997
682|426
287|573
715|729
162|263
780|562
567|682
8|263
191|780
496|286
420|135
799|340
568|620
411|331
507|263
507|250.41
250.6|681
V58|412
786|714
250.92|786
155|599
788|V10
203|250.03
518|295
280|V14
253|428
340|414
202|204
278|V85
41|530
295|348
193|593
924|E917
607|250
197|682
491|310
456|427
710|558
250.83|737
581|440
292|784
996|507
593|275
V42|461
820|733
519|272
892|250
860|250.01
293|309
528|401
357|783
344|466
303|250.02
345|518
713|112
792|280
496|197
V54|278
564|272
311|309
304|296
304|729
453|799
403|416
456|428
566|780
413|405
491|511
453|288
250.03|714
205|533
585|995
428|922
250.7|428
E878|285
294|296
574|493
493|722
188|998
403|E878
591|707
682|457
751|285
294|553
998|403
435|433
401|V42
276|70
492|518
707|138
788|292
998|305
998|515
414|571
682|424
425|280
250.6|591
196|153
577|250.1
781|438
998|250.51
780|362
883|250
413|270
427|573
425|996
428|293
250.12|780
311|272
185|562
785|785
722|530
428|340
577|427
780|250.4
560|285
V42|112
410|250.01
338|250
710|716
724|719
255|414
515|492
560|536
250.01|584
189|585
294|486
611|250
593|311
V62|297
284|584
155|585
428|784
250.41|496
42|250.02
574|794
553|285
432|E812
197|202
790|421
556|280
996|405
426|242
434|997
337|780
205|428
574|626
276|924
250.02|197
276|V54
250.01|716
682|611
250.02|E905
276|284
786|V15
994|465
820|285
433|410
287|459
789|250.01
581|518
438|791
250.11|682
E950|250
558|244
E879|788
823|276
394|496
540|518
435|414
427|170
280|614
262|V10
286|787
599|590
493|79
250.8|E939
646|646
404|584
70|599
415|276
338|728
327|715
250.1|342
577|785
584|278
296|250.6
786|250.4
780|201
197|788
440|250.5
794|401
V15|593
567|600
250.03|110
305|295
276|V11
41|331
38|482
611|E935
V45|493
196|425
292|?
481|995
401|695
283|515
378|250
38|780
823|250.02
276|369
550|V49
465|427
250.03|413
250.01|110
401|736
567|250.02
403|458
300|311
272|787
250.2|599
707|197
482|560
788|569
496|747
892|E906
446|287
196|584
312|318
573|V85
202|V10
413|591
997|543
512|414
427|728
263|401
250.02|794
998|593
521|401
780|535
276|E941
585|459
284|496
396|681
496|193
V12|427
V45|250.6
276|250.03
162|447
V54|414
294|E888
42|783
263|780
781|V58
196|414
E878|403
496|E884
486|348
812|512
788|567
V63|578
402|455
413|558
295|465
511|599
274|785
710|112
E947|496
518|784
427|327
396|785
518|438
250.03|593
278|346
53|E884
296|411
599|429
555|250.02
566|250.01
786|584
276|881
305|342
576|157
357|344
575|575
575|414
600|598
404|424
V60|287
465|V08
250|607
726|719
486|277
493|V45
E935|401
745|276
420|162
250.8|417
V42|250.53
533|789
710|272
402|996
812|E885
491|197
934|276
250.6|369
823|250
189|196
250.02|E885
250.02|112
250.7|682
599|569
577|585
402|V15
440|250.6
584|438
733|250.92
584|581
530|244
410|413
276|174
780|995
V42|416
440|996
799|V43
789|438
518|272
403|V12
250.03|440
466|461
578|273
342|250.02
805|250.6
785|444
250.03|579
711|731
780|466
244|280
434|784
518|112
560|861
250.2|276
277|493
789|535
482|491
820|823
569|536
583|403
402|486
204|518
806|276
250.12|599
532|250
783|403
623|250
198|799
996|738
486|V45
491|496
437|V12
553|427
458|331
8|112
584|203
?|41
435|276
V54|401
707|808
996|426
8|787
593|V15
250.01|574
27|682
276|802
435|786
410|733
496|435
518|198
250|756
511|250.8
781|496
623|285
250|533
466|E849
562|599
440|788
530|780
552|428
411|593
280|402
424|999
571|780
272|600
780|?
348|290
518|535
729|250.01
V42|426
595|959
426|413
566|401
303|788
599|824
642|250.01
711|721
401|789
999|414
348|250.8
519|496
560|V44
276|608
724|276
446|585
511|572
E816|E849
710|288
250.13|427
411|282
250.81|599
354|250.6
799|788
459|443
123|304
453|711
728|486
344|907
644|590
584|304
296|969
410|250.03
293|458
V57|250
261|424
276|791
284|518
351|401
493|433
571|280
425|337
567|486
850|496
336|344
427|430
298|780
250.01|535
V58|584
349|E934
575|558
820|959
202|285
581|263
263|453
434|250.02
250.03|274
401|425
211|786
427|V10
204|453
780|250.43
428|696
427|682
287|995
493|285
300|496
707|457
492|70
910|E819
810|E888
250|373
303|715
518|758
251|250
998|V64
401|250.7
780|197
455|455
575|574
585|189
590|599
286|621
420|511
558|722
996|486
272|493
70|996
425|253
295|564
276|53
263|446
426|458
424|304
453|153
578|112
250.01|298
188|595
401|345
284|555
553|560
250.51|724
42|303
599|738
250|782
E944|401
802|784
995|250.8
293|558
515|V12
V10|780
860|E885
515|721
780|998
250.02|576
799|403
486|433
430|396
250.01|512
V58|466
998|611
250.51|585
507|333
282|278
260|296
410|466
458|412
276|507
493|250.11
E936|780
250.02|455
682|724
446|530
716|V12
616|752
E881|401
295|174
663|250
296|733
250.01|664
584|567
585|250.52
574|578
496|291
250.92|227
332|722
279|250
348|428
8|250.01
303|338
189|428
276|716
386|733
403|582
285|564
707|568
584|433
V45|598
807|250.01
250.52|285
285|626
924|E885
202|427
273|250
578|455
790|424
250.01|E933
79|564
585|553
560|574
E942|572
860|250
432|784
577|998
?|425
759|270
861|865
787|710
196|396
346|305
153|280
682|E930
788|584
581|486
789|V45
568|289
285|568
250.03|250.83
416|780
648|250.93
305|564
250.93|648
585|582
427|277
440|444
493|263
250.12|295
338|185
250.81|V42
337|300
422|291
250.01|620
715|285
780|V46
410|453
368|780
V45|427
414|348
486|466
722|V45
112|250.41
250.4|V15
481|41
780|E888
427|444
427|466
427|310
462|401
250|246
413|V58
823|423
996|493
252|593
V54|V54
401|250.53
357|250.82
305|280
444|197
567|577
453|444
781|599
238|799
428|338
250.52|496
724|298
242|627
276|E878
292|435
997|431
335|368
250.02|532
112|578
780|571
427|618
38|730
599|135
V63|682
250.8|440
427|440
V85|707
V10|V43
486|294
593|592
719|905
440|208
515|802
424|573
569|567
998|304
512|162
515|425
253|692
253|781
276|722
496|288
253|473
716|272
577|584
287|331
580|403
332|780
197|157
299|780
250.02|595
518|197
574|V10
414|482
304|493
411|189
272|V10
362|401
285|729
492|305
730|491
861|866
280|998
715|734
995|590
707|998
250.12|466
287|648
327|278
401|332
V23|250.01
428|588
486|593
535|533
197|179
V12|V58
295|311
486|344
905|250.8
519|875
305|E884
721|342
291|599
585|733
998|625
493|453
519|250
573|571
151|198
250.6|719
425|410
300|788
998|680
401|V18
286|283
532|401
724|250.02
V43|427
189|511
997|440
842|E888
294|425
304|786
154|707
250.8|41
285|621
465|780
251|599
250.41|593
567|997
627|250.6
413|E947
491|396
512|V10
241|226
483|799
466|272
410|416
907|780
162|785
V62|250.6
434|368
V45|112
576|453
410|197
250.7|493
401|696
250.02|480
E878|V45
E942|414
311|278
577|553
V45|?
413|404
682|578
560|V15
250.03|8
E819|E849
996|730
535|414
963|780
337|722
482|411
V85|560
625|V43
590|414
790|486
303|696
785|185
707|574
V49|250.03
585|583
585|535
427|303
998|555
278|780
574|560
250|293
707|482
781|996
429|250.5
723|733
567|276
492|553
518|618
599|704
197|153
424|625
424|V58
493|627
648|250.4
197|491
656|647
250.11|272
403|195
346|?
995|785
456|303
197|425
V42|V45
424|296
617|627
487|403
293|403
233|553
410|440
493|564
682|782
719|303
250.6|112
250.03|518
250|574
998|617
342|780
648|644
8|293
240|250
459|459
250.02|429
786|403
342|507
202|E885
244|493
780|908
783|738
75|250
584|540
701|250
730|94
518|218
486|823
437|276
183|250
250.22|425
8|250.51
572|518
V85|V45
918|305
584|E930
250.02|820
996|715
278|786
423|511
799|736
404|244
250|342
V65|425
288|591
696|250
584|571
345|277
284|E933
440|V42
996|250.81
286|714
280|789
593|280
493|250.13
410|415
780|286
424|233
438|250.02
850|599
647|250
V58|V15
962|E858
788|185
600|278
250.01|694
V57|V43
424|781
283|185
284|432
250.01|578
607|733
511|490
496|E935
295|E943
42|272
250.13|112
785|577
518|V16
428|E878
E878|440
293|276
185|414
413|518
780|799
198|157
924|923
913|401
433|V12
305|275
303|V58
785|429
V62|338
250.02|707
585|E888
112|682
250.92|585
438|588
599|290
250|242
250.6|304
250|714
401|360
250.1|244
496|562
292|250.93
197|492
578|715
799|250.82
414|515
585|135
824|250
V45|250.01
282|E885
204|799
557|427
250.92|305
E885|401
355|250
42|530
568|285
576|135
112|V85
250.22|599
183|276
997|997
873|920
571|595
157|530
714|311
288|E933
196|278
197|158
567|584
396|585
443|V12
424|250.8
296|530
780|437
296|276
250|369
787|578
453|518
250|737
402|412
486|287
558|272
250|704
733|94
380|54
288|V08
799|491
710|714
710|733
198|424
486|157
491|596
736|401
511|453
E878|997
501|272
427|420
174|198
571|304
491|532
348|518
242|962
250.02|648
510|250.6
459|457
250.02|280
428|304
112|785
585|444
519|305
E885|492
627|250
530|296
424|412
279|530
786|E944
280|534
311|V15
276|922
250.01|174
205|285
348|585
250|416
117|V42
285|799
433|780
402|V45
787|211
204|997
443|782
515|710
780|E850
415|292
42|38
681|V58
250.02|V06
733|426
493|507
446|414
584|999
490|714
250.22|443
295|331
413|250.8
496|253
208|496
428|289
584|430
250.52|585
486|402
560|244
560|E849
278|426
V42|413
414|338
493|747
250.1|276
786|E849
574|433
250.03|V58
783|787
840|432
562|428
599|454
372|?
426|404
458|301
844|?
41|338
553|414
303|575
285|250.4
?|707
972|E858
285|752
285|V85
293|784
294|969
453|511
E936|225
786|732
V63|414
581|780
787|724
403|583
746|427
780|280
250.6|781
V12|244
626|401
250.8|682
438|530
560|568
558|238
250.41|583
496|373
285|282
198|414
996|V43
250.01|727
233|403
E935|456
486|278
427|627
458|414
910|E880
718|250
41|784
682|680
486|517
V15|396
721|729
486|342
728|275
E878|305
293|496
880|881
342|729
496|805
482|733
723|276
403|342
781|788
41|788
157|403
453|344
250.91|664
786|41
220|272
425|244
E878|787
860|E816
496|38
135|511
V10|429
250|682
250.12|403
410|V45
434|443
250|654
558|569
250.01|491
459|695
780|824
205|250
8|443
576|577
799|287
790|599
707|784
782|578
340|344
707|293
275|179
567|305
724|723
250|665
V17|401
V85|458
V58|250.01
250.81|491
242|V45
584|368
780|726
263|287
38|571
38|288
816|V22
293|305
578|782
729|424
789|786
793|790
415|492
790|263
722|996
682|425
250.6|358
428|290
556|496
155|491
802|250
305|518
E849|716
511|789
V63|780
847|842
730|E930
487|272
276|595
250.02|378
996|905
276|259
530|536
785|473
562|531
592|492
250.13|782
263|8
250.93|780
250.6|263
531|263
707|787
?|530
996|569
535|579
276|200
599|35
337|427
543|250
250.03|621
250.01|915
852|873
280|412
204|813
974|403
473|346
444|997
309|303
531|428
79|493
784|351
599|199
733|V45
812|276
V58|403
402|728
250.83|730
608|788
250.03|466
427|512
996|584
424|244
294|781
198|511
482|401
401|730
785|731
682|244
784|E934
E933|250.01
427|478
E927|250
493|112
924|E816
780|V49
E942|276
42|41
250.52|428
V85|386
620|599
585|349
250.01|V44
625|305
789|E878
250.6|V49
362|250.6
415|197
560|411
135|571
560|710
396|402
276|250.83
486|411
491|79
340|511
397|584
153|789
710|294
426|512
250|266
453|185
42|287
8|578
426|E947
112|278
604|276
535|535
217|610
E878|287
850|584
424|998
250.81|287
411|240
401|465
203|998
530|250.01
910|916
285|625
296|786
424|280
813|733
411|198
491|327
278|627
285|792
492|V58
493|250.4
250.91|648
428|536
440|292
V85|403
556|287
345|438
574|?
401|536
592|617
250.5|276
174|V58
287|715
218|620
342|V85
197|453
578|780
203|285
250.02|908
198|412
806|272
250|34
416|250.02
486|590
413|202
453|270
41|410
424|511
599|V44
8|250.93
250.02|701
424|710
617|250.01
368|729
427|311
458|562
491|433
599|250.42
790|530
E880|427
577|414
?|412
599|154
873|922
574|404
642|250.4
380|401
412|427
244|443
682|305
710|701
276|480
276|E924
289|453
272|362
250.43|250.7
250.02|969
280|250.82
486|790
998|V42
722|787
415|511
682|794
250.8|427
821|518
493|284
436|336
250.02|288
40|707
357|285
250.6|577
584|284
245|?
780|8
342|427
738|560
427|924
401|426
424|V16
332|250.8
411|286
V85|682
E935|V12
780|198
492|530
198|174
518|397
780|E858
564|250.8
553|569
999|285
593|414
410|784
292|427
280|531
250.52|427
571|250.8
E932|E849
486|259
784|E888
412|780
322|E849
424|340
112|34
250.82|595
401|333
250.82|493
285|618
731|401
V45|280
780|584
707|288
433|V58
599|576
567|V10
808|808
787|553
492|591
287|518
312|908
263|197
250.13|570
414|365
536|403
V42|41
V42|244
368|438
V66|278
396|738
E933|?
250.01|199
496|569
280|442
373|305
456|287
414|719
486|397
788|250.82
424|250.13
790|780
905|?
285|533
572|578
826|E880
852|802
305|112
262|997
305|807
196|780
507|189
296|535
250.11|493
569|172
285|727
494|447
250.41|414
250.02|935
403|E849
250.03|555
996|721
556|427
518|586
284|403
787|E931
327|780
808|355
532|287
174|599
337|250
560|584
295|135
599|570
428|250.1
250.51|244
263|265
530|532
157|577
324|403
906|250.6
790|571
305|303
285|171
424|294
486|434
E932|780
493|250.8
208|285
750|599
579|250
694|401
434|414
593|298
682|396
567|428
486|250.6
571|438
344|590
250.6|250.53
V42|250.81
795|530
198|790
327|786
528|521
253|276
288|196
682|309
428|250.12
340|496
157|786
581|203
494|401
V42|250.6
573|250.02
567|E878
250|781
518|V10
998|905
150|198
427|556
303|682
53|478
70|E933
537|553
285|446
V54|138
535|574
238|284
707|204
250.01|307
453|788
799|E939
560|287
204|356
786|250.9
157|198
998|E879
424|571
569|411
300|318
707|924
250|441
203|288
V45|453
272|333
317|250
41|558
250|571
574|70
250.02|825
780|444
822|428
782|309
425|790
715|305
569|560
995|E942
401|787
710|582
196|574
197|511
413|477
420|733
V42|333
297|250
198|V66
421|995
202|516
197|397
135|250.03
493|710
728|41
805|780
250.51|285
584|850
515|401
569|585
333|E939
426|486
38|286
413|250.92
38|998
153|790
997|E935
707|736
515|455
428|309
486|415
250.12|410
V58|V58
348|250.02
41|427
507|8
599|250.9
482|518
537|250.13
E934|E878
415|263
429|401
299|250.83
E885|414
595|799
V08|276
E879|425
492|707
41|915
V25|648
789|E934
242|428
250.81|425
250.03|211
296|427
821|428
437|403
682|303
295|304
453|202
707|435
172|250.6
647|250.01
250.02|473
250|351
244|250.4
995|572
420|414
432|428
569|284
427|150
250.03|571
573|410
250.6|722
493|416
788|601
724|?
789|250.92
414|239
280|242
137|518
784|396
496|596
626|620
285|478
786|425
997|492
823|959
197|426
569|496
402|238
781|729
242|411
424|920
348|412
722|714
426|997
432|V45
492|E885
335|250
157|560
284|780
455|V12
344|336
507|V15
250.23|250.6
443|V15
42|292
272|599
997|618
70|496
648|657
590|573
584|282
719|780
425|492
233|614
250.02|789
486|453
E849|912
440|285
620|278
276|965
153|250.02
453|250.6
786|296
787|558
V15|274
79|790
203|599
493|443
805|244
403|135
V15|311
272|V15
250.03|287
403|E932
566|569
274|V18
337|403
V10|414
E884|342
294|290
250.11|V58
780|238
284|288
518|E888
648|656
459|41
303|972
434|425
555|414
599|301
682|948
425|787
574|518
577|250.12
781|368
816|41
969|290
70|433
333|401
648|747
276|307
493|911
427|E915
E885|924
303|346
138|414
972|458
198|402
348|V42
786|346
805|426
429|414
396|287
571|715
280|784
255|707
272|728
881|250
E878|V10
781|331
401|512
112|756
599|211
787|725
733|414
486|386
344|518
285|V42
E884|401
432|342
730|250.81
681|250.8
250.02|205
434|250.8
578|558
486|205
41|790
781|272
784|428
861|E819
289|724
537|531
788|787
303|486
250.01|369
204|585
250.02|614
909|E878
788|204
396|453
556|518
250.22|41
145|285
564|414
250.03|577
117|V43
250.5|447
293|737
V72|786
V63|593
440|681
737|715
276|570
592|598
428|277
781|403
518|478
135|403
162|729
581|285
414|466
507|682
780|342
813|802
907|309
429|428
785|303
332|296
584|157
585|412
836|717
285|157
585|38
250|924
280|205
112|558
881|807
V64|250.01
431|396
571|263
491|287
426|E942
70|V42
860|568
300|250.42
263|319
864|850
V14|250
411|447
788|581
311|250.6
682|250.8
V15|272
599|V64
491|593
E814|E849
518|284
V42|491
401|368
787|530
263|238
592|340
191|496
536|522
250.02|564
250.82|730
250.92|478
276|214
759|250
728|402
998|38
707|27
958|730
250.11|250.81
441|V45
600|427
593|V58
403|787
820|862
787|575
515|424
448|784
425|239
486|560
596|437
428|725
571|V49
250.43|404
515|53
584|510
590|564
342|719
728|E942
578|305
E950|311
515|299
722|727
250.01|368
433|238
197|568
272|433
707|94
493|327
255|593
722|338
530|285
784|E942
E937|V58
535|V44
466|79
585|812
154|285
599|E849
410|250.43
996|V14
250.8|E932
198|180
999|614
403|250.8
305|E883
486|465
250.01|816
291|250.92
319|799
585|V43
272|E819
491|998
496|482
584|332
348|410
685|401
581|250.52
V58|V45
413|293
599|711
424|282
403|537
157|250.8
250.6|250.22
250.02|696
428|179
599|299
427|386
574|41
327|427
287|570
428|781
290|331
280|E880
296|V14
616|401
707|596
276|246
515|707
788|604
304|486
V72|412
242|427
710|710
519|428
V42|172
250.11|584
V13|250
585|753
427|560
486|300
424|218
861|850
426|787
38|996
997|293
292|198
799|567
714|593
707|362
626|568
263|53
715|V12
575|V46
507|414
403|441
357|250.52
787|564
585|331
998|562
405|785
360|401
172|250
135|426
585|466
303|707
403|196
E934|496
250.51|276
309|300
294|263
560|294
707|790
250.02|307
135|515
286|250.6
710|493
728|244
577|250.8
263|574
466|250.5
592|413
136|428
8|507
263|996
280|553
410|305
335|486
284|112
V85|780
262|285
805|840
996|790
698|250
788|278
250|306
E885|486
578|300
427|79
482|359
192|401
196|185
872|E888
342|403
707|E884
V54|V85
574|568
511|V15
600|599
997|738
416|435
402|518
440|413
730|584
785|562
437|V42
349|285
723|278
436|997
788|515
482|799
250.01|781
411|733
788|664
281|414
294|244
403|959
882|E906
434|402
200|496
294|331
584|402
680|276
250|791
577|787
285|747
427|188
785|V49
287|200
486|784
997|807
496|281
342|433
286|198
401|555
453|462
728|250.6
473|?
486|275
263|404
197|V45
805|860
996|412
707|E878
780|79
427|812
560|151
V62|276
273|250.4
70|242
591|786
428|V58
432|250.02
288|204
357|203
789|569
E939|296
746|518
E888|424
94|342
413|41
276|573
750|584
626|256
584|E942
162|V12
112|620
535|427
451|250.4
261|54
410|38
491|340
591|331
349|344
511|V09
997|353
273|244
596|198
782|780
790|786
286|472
275|574
305|200
427|238
276|462
41|402
183|199
705|244
442|305
428|V66
201|276
287|397
250.02|472
568|311
250.01|53
707|250.03
492|728
34|918
411|581
250.92|250.6
786|721
250.41|V45
276|423
250.03|573
500|786
421|189
723|518
V10|788
491|V13
252|493
560|558
244|338
577|492
492|287
V63|276
250|592
427|263
E942|427
572|284
296|312
38|305
38|250.1
250.01|245
250.92|V65
424|458
303|434
427|851
995|153
607|598
296|290
263|294
196|211
278|427
997|38
788|625
784|288
584|933
595|616
552|V85
162|555
707|826
493|745
492|424
622|305
458|424
202|787
305|782
794|412
824|E881
8|969
427|729
584|521
110|276
354|355
425|332
486|574
682|711
41|424
648|664
428|933
996|272
682|250.7
808|280
442|799
564|V18
305|E885
250.92|424
780|E936
338|E888
276|543
250.01|238
607|?
487|780
485|112
V42|255
788|511
434|741
710|250.5
496|255
250.82|112
714|780
482|494
585|250.03
250.01|416
515|416
758|401
272|786
250.82|255
427|625
590|600
486|150
492|V12
515|E888
288|202
573|284
414|296
348|344
414|491
428|531
250.01|E942
E929|426
451|401
424|626
493|465
482|782
250.11|511
557|285
428|717
V85|438
280|962
420|427
287|967
202|425
584|327
293|331
621|496
434|714
572|577
577|304
446|584
645|648
584|481
733|682
578|E880
V45|285
873|V58
303|263
443|332
599|573
397|276
920|250
722|493
996|784
200|427
250.83|425
253|278
424|446
524|525
307|414
287|584
276|345
427|746
511|197
799|698
491|331
998|580
868|958
692|428
293|787
591|280
593|331
E880|414
282|412
424|493
645|663
707|508
242|424
411|416
447|417
79|787
518|358
428|916
342|E888
868|94
276|851
303|494
342|410
288|287
362|369
443|584
E937|E849
244|785
595|556
491|726
94|250
571|135
238|585
V42|272
203|416
552|997
516|486
250|996
250.13|403
453|358
250.52|491
412|294
518|311
349|112
250.13|491
604|401
402|250.92
413|332
E950|427
403|507
V49|250
284|416
586|682
429|V45
276|250.21
786|V10
574|412
599|487
511|466
191|585
491|250.8
251|250.01
724|414
342|907
440|241
515|427
492|426
780|346
882|250
346|571
726|274
442|E879
8|557
296|333
276|576
518|293
429|578
626|625
434|585
293|585
V43|250.6
873|244
850|998
V45|V12
427|789
305|250.03
414|729
425|250.03
996|E850
591|285
998|412
785|482
824|599
156|599
807|923
293|996
340|491
782|493
599|250.2
41|716
413|?
V45|V62
250.01|953
605|?
584|413
300|V45
428|V46
507|434
E888|836
473|V12
783|285
682|V49
724|786
674|250.01
438|272
203|403
717|401
E879|599
287|197
560|459
531|530
599|681
290|348
27|883
289|285
253|255
788|V43
413|E885
730|728
799|344
250.02|443
786|V12
E927|401
486|V43
201|202
250.4|787
250.01|494
783|532
70|572
250.82|250.52
707|992
348|V66
601|599
485|203
601|594
197|?
278|530
E939|496
458|V15
425|530
250|582
197|331
923|E885
429|486
614|614
723|782
250|725
358|424
204|403
444|727
860|E884
585|782
493|V85
780|188
507|564
585|458
112|707
496|261
425|38
228|401
295|250.02
E924|E849
658|V23
250.01|873
425|E879
203|425
289|511
465|285
540|401
403|883
518|250.52
410|429
263|414
731|41
584|250.11
996|590
531|414
287|V42
250.8|447
250.51|250.41
250.6|847
920|E850
204|780
590|403
518|868
E829|401
278|600
427|721
922|E885
250.93|V12
244|786
593|?
724|493
250.12|250.6
557|557
996|305
285|162
E935|E939
430|584
211|496
599|721
V10|250.8
451|780
401|433
70|250.03
41|714
41|780
196|500
413|E888
682|928
250.12|458
515|115
787|579
E885|286
285|290
155|250.6
250|E933
V85|250.4
799|965
432|788
557|278
588|296
295|V64
491|785
447|440
996|780
440|496
850|250
611|610
578|202
786|272
486|112
331|293
466|310
250.22|572
345|996
276|727
427|442
285|311
429|512
585|E947
V62|V62
707|E885
715|369
571|272
507|728
410|535
560|585
518|789
E885|276
558|611
31|518
714|493
492|788
572|496
250.82|799
340|162
E932|153
435|782
386|V12
730|V85
301|V62
172|571
693|433
250.02|110
741|344
682|250.43
515|250.8
572|486
202|334
E880|285
284|789
298|294
750|553
518|E858
567|446
131|401
173|250
552|V64
426|238
996|595
250.03|562
171|285
250.92|707
250.02|253
426|V42
215|250
490|V12
117|401
496|881
276|34
715|V15
453|157
785|157
998|864
425|203
682|E849
516|413
403|162
451|427
162|396
496|E928
V12|496
491|284
438|736
205|401
280|785
277|112
729|272
413|433
41|438
519|599
536|V45
620|788
780|552
174|511
154|199
163|284
496|203
648|641
287|425
453|995
507|253
424|681
996|416
511|251
250.7|250.53
486|196
788|438
412|295
873|E812
292|998
401|464
780|413
250.8|721
250|585
428|446
E932|435
276|189
599|336
